Number_of_Riders,Number_of_Drivers,Location_Category,Customer_Loyalty_Status,Number_of_Past_Rides,Average_Ratings,Time_of_Booking,Vehicle_Type,Expected_Ride_Duration,Historical_Cost_of_Ride,d_s_ratio,demand_class,supply_class,demand_metric,supply_metric,adjusted_price,predicted_price_model1,predicted_price_model2
90,45,Urban,Silver,13,4.47,Night,Premium,90,284.257273,2.0,high_demand,high_supply,1.1111111111111112,1.1842105263157894,310.6155971534711,335.3529576765868,335.3529576765868
58,39,Suburban,Silver,72,4.06,Evening,Economy,43,173.8747527,1.49,low_demand,high_supply,1.45,1.0263157894736843,179.090995281,164.20527948958468,164.20527948958474
42,31,Rural,Silver,0,3.99,Afternoon,Premium,76,329.795469,1.35,low_demand,low_supply,1.05,2.8181818181818183,339.68933307000003,302.7791789150854,302.7791789150854
89,28,Rural,Regular,67,4.31,Afternoon,Premium,134,470.2012318,3.18,high_demand,low_supply,1.0987654320987654,2.5454545454545454,498.83648681662004,505.3251408459374,505.3251408459373
78,22,Rural,Regular,74,3.77,Afternoon,Economy,149,579.6814224,3.55,low_demand,low_supply,1.95,2.0,579.6814224,545.859171734001,545.8591717340009
59,35,Urban,Silver,83,3.51,Night,Economy,128,339.9553606,1.69,low_demand,low_supply,1.475,3.1818181818181817,350.154021418,487.3422996773227,487.34229967732267
93,43,Suburban,Regular,44,4.41,Afternoon,Premium,16,104.0615413,2.16,high_demand,high_supply,1.1481481481481481,1.131578947368421,110.39888916517002,72.03742874990525,72.0374287499053
62,39,Rural,Gold,83,3.59,Afternoon,Premium,47,235.8118636,1.59,low_demand,high_supply,1.55,1.0263157894736843,242.886219508,177.5543645292516,177.55436452925164
79,14,Rural,Silver,71,3.74,Evening,Economy,128,501.4125175,5.64,low_demand,low_supply,1.975,1.2727272727272727,501.4125175,463.78901763090016,463.7890176309001
42,6,Rural,Silver,21,3.85,Night,Premium,128,398.9933646,7.0,low_demand,low_supply,1.05,0.5454545454545454,423.29206050414,464.17013911206766,464.17013911206766
86,17,Urban,Regular,99,4.69,Morning,Economy,167,669.2986265,5.06,high_demand,low_supply,1.0617283950617284,1.5454545454545454,689.377585295,612.5424474945385,612.5424474945385
60,38,Rural,Gold,15,4.14,Evening,Premium,144,414.9901047,1.58,low_demand,low_supply,1.5,3.4545454545454546,440.26300207623,546.6489857595991,546.648985759599
24,8,Rural,Gold,50,4.12,Morning,Economy,164,490.4107217,3.0,low_demand,low_supply,0.6,0.7272727272727273,505.12304335100004,597.4761601957372,597.4761601957371
36,24,Suburban,Silver,88,4.22,Night,Premium,83,296.242876,1.5,low_demand,low_supply,0.9,2.1818181818181817,323.71258916285205,322.4118434277008,322.4118434277007
63,13,Rural,Regular,74,4.95,Afternoon,Premium,102,327.0888649,4.85,low_demand,low_supply,1.575,1.1818181818181819,347.00857677241004,374.00166489349925,374.00166489349925
39,12,Urban,Silver,30,4.51,Afternoon,Premium,140,445.1368684,3.25,low_demand,low_supply,0.975,1.0909090909090908,472.24570368556004,512.8935320631967,512.8935320631966
38,28,Rural,Silver,35,3.93,Afternoon,Premium,54,244.5361718,1.36,low_demand,low_supply,0.95,2.5454545454545454,251.87225695400002,222.81995447029092,222.8199544702909
46,14,Suburban,Silver,21,4.71,Afternoon,Economy,15,47.31430863,3.29,low_demand,low_supply,1.15,1.2727272727272727,48.7337378889,69.90641051316787,69.90641051316794
33,7,Suburban,Gold,49,4.31,Evening,Premium,22,129.8082629,4.71,low_demand,low_supply,0.825,0.6363636363636364,137.71358611061,91.00653356615807,91.00653356615811
31,7,Suburban,Silver,24,4.82,Evening,Premium,87,382.9481103,4.43,low_demand,low_supply,0.775,0.6363636363636364,406.26965021727,321.9748400614768,321.9748400614768
96,45,Urban,Regular,6,4.95,Afternoon,Premium,11,82.77279318,2.13,high_demand,high_supply,1.1851851851851851,1.1842105263157894,87.81365628466199,54.52606385824627,54.52606385824629
22,11,Suburban,Silver,79,4.48,Night,Economy,15,64.07117256,2.0,low_demand,low_supply,0.55,1.0,67.97310696890399,72.17190502879083,72.17190502879089
74,16,Rural,Regular,6,3.97,Morning,Economy,139,390.6687658,4.62,low_demand,low_supply,1.85,1.4545454545454546,390.6687658,505.69705371175894,505.6970537117589
24,12,Urban,Regular,10,3.6,Evening,Premium,45,212.166525,2.0,low_demand,low_supply,0.6,1.0909090909090908,218.53152075000003,179.08180762396555,179.08180762396557
48,19,Suburban,Gold,72,3.81,Night,Premium,65,235.6581337,2.53,low_demand,low_supply,1.2,1.7272727272727273,250.00971404233002,251.44219953815542,251.44219953815542
56,13,Rural,Regular,36,4.81,Evening,Economy,162,406.5574981,4.31,low_demand,low_supply,1.4,1.1818181818181819,418.75422304299997,588.2836150892342,588.2836150892342
72,33,Rural,Gold,66,4.39,Morning,Premium,30,182.4744271,2.18,low_demand,low_supply,1.8,3.0,193.58711971039003,135.17615522147753,135.17615522147756
97,75,Urban,Silver,76,4.7,Night,Economy,158,652.6172973,1.29,high_demand,high_supply,1.1975308641975309,1.9736842105263157,692.36169070557,583.8242837370475,583.8242837370475
62,33,Suburban,Regular,39,3.91,Evening,Premium,129,403.2270984,1.88,low_demand,low_supply,1.55,3.0,415.323911352,488.4164357962145,488.41643579621444
57,38,Suburban,Silver,54,4.1,Night,Premium,131,537.7848595,1.5,low_demand,low_supply,1.425,3.4545454545454546,587.6520361668565,501.1680900372889,501.1680900372888
25,7,Suburban,Silver,13,3.99,Morning,Premium,81,286.1314526,3.57,low_demand,low_supply,0.625,0.6363636363636364,294.715396178,301.9512125019764,301.95121250197644
75,56,Suburban,Gold,94,4.79,Evening,Premium,153,485.0546633,1.34,low_demand,high_supply,1.875,1.4736842105263157,514.59449229497,555.3382221572507,555.3382221572506
39,9,Urban,Gold,39,4.64,Afternoon,Premium,48,171.0859835,4.33,low_demand,low_supply,0.975,0.8181818181818182,181.50511989515,183.8121862831249,183.81218628312493
35,24,Suburban,Gold,73,3.76,Evening,Premium,105,485.8784537,1.46,low_demand,low_supply,0.875,2.1818181818181817,500.454807311,400.65346063567205,400.65346063567205
68,32,Suburban,Regular,34,3.58,Morning,Economy,77,294.7328865,2.12,low_demand,low_supply,1.7,2.909090909090909,294.7328865,301.7974574526936,301.7974574526935
96,43,Rural,Silver,97,3.68,Morning,Premium,91,392.8387204,2.23,high_demand,high_supply,1.1851851851851851,1.131578947368421,404.623882012,337.74497008304724,337.74497008304724
28,11,Suburban,Gold,52,4.33,Afternoon,Premium,94,456.1809468,2.55,low_demand,low_supply,0.7,1.0,483.96236646012,351.1198307689794,351.1198307689794
25,15,Rural,Gold,65,4.88,Evening,Premium,101,502.5293208,1.67,low_demand,low_supply,0.625,1.3636363636363635,506.476688614884,380.26482147648204,380.264821476482
28,6,Suburban,Regular,2,4.29,Morning,Economy,89,244.2176617,4.67,low_demand,low_supply,0.7,0.5454545454545454,251.544191551,328.7756366168334,328.7756366168334
73,17,Rural,Regular,14,4.81,Evening,Premium,170,634.7265312,4.29,low_demand,low_supply,1.825,1.5454545454545454,673.3813769500799,616.7827753042075,616.7827753042075
36,18,Urban,Silver,88,3.73,Night,Premium,92,345.4067683,2.0,low_demand,low_supply,0.9,1.6363636363636365,366.44204048947006,348.80243335896563,348.8024333589656
56,10,Urban,Silver,55,4.5,Night,Economy,45,151.1521296,5.6,low_demand,low_supply,1.4,0.9090909090909091,160.35729429264,170.52956445276243,170.52956445276246
97,81,Suburban,Regular,52,4.56,Evening,Economy,125,530.7599939,1.2,high_demand,high_supply,1.1975308641975309,2.1315789473684212,546.6827937170001,468.37756127363707,468.37756127363707
63,9,Rural,Regular,89,3.87,Afternoon,Premium,166,482.8501642,7.0,low_demand,low_supply,1.575,0.8181818181818182,547.0692360386,597.3160667811907,597.3160667811906
78,33,Urban,Silver,35,4.46,Morning,Premium,116,355.9595075,2.36,low_demand,low_supply,1.95,3.0,377.63744150675,438.95243832145815,438.9524383214581
29,10,Suburban,Regular,25,3.77,Afternoon,Economy,91,303.9609626,2.9,low_demand,low_supply,0.725,0.9090909090909091,303.9609626,339.3475386156989,339.3475386156989
73,33,Suburban,Silver,60,3.88,Night,Premium,161,514.8771742,2.21,low_demand,low_supply,1.825,3.0,546.23319410878,599.6114917346746,599.6114917346745
94,29,Urban,Regular,67,3.59,Evening,Premium,96,361.132355,3.24,high_demand,low_supply,1.1604938271604939,2.6363636363636362,371.96632565000004,370.94693804028554,370.9469380402855
54,28,Suburban,Silver,83,4.49,Night,Economy,32,80.26246462,1.93,low_demand,low_supply,1.35,2.5454545454545454,85.15044871535801,141.43378324723048,141.43378324723048
67,6,Rural,Gold,15,3.53,Night,Economy,123,420.6239113,11.17,low_demand,low_supply,1.675,0.5454545454545454,476.56689150290003,441.1946747823058,441.1946747823058
23,8,Urban,Silver,27,4.73,Afternoon,Economy,117,520.8926706,2.88,low_demand,low_supply,0.575,0.7272727272727273,536.519450718,430.9811120000443,430.9811120000442
70,14,Urban,Silver,16,4.3,Morning,Economy,53,183.075791,5.0,low_demand,low_supply,1.75,1.2727272727272727,188.56806473,199.65763547075343,199.65763547075346
20,10,Rural,Silver,70,4.92,Evening,Economy,65,190.1374636,2.0,low_demand,low_supply,0.5,0.9090909090909091,195.841587508,249.0146579740963,249.01465797409634
95,84,Suburban,Gold,18,3.86,Afternoon,Premium,112,522.3021029,1.13,high_demand,high_supply,1.1728395061728396,2.210526315789474,537.9711659870001,423.2754275458667,423.27542754586665
43,16,Urban,Silver,40,4.89,Night,Premium,106,410.6863449,2.69,low_demand,low_supply,1.075,1.4545454545454546,448.76805760354233,395.14782826582837,395.1478282658283
97,55,Suburban,Silver,94,4.62,Evening,Premium,150,584.9958711,1.76,high_demand,high_supply,1.1975308641975309,1.4473684210526316,620.62211964999,550.1115250262073,550.1115250262073
32,20,Rural,Silver,44,3.55,Night,Economy,68,301.6226264,1.6,low_demand,low_supply,0.8,1.8181818181818181,295.1377399324,266.359045706525,266.35904570652497
95,25,Suburban,Regular,72,4.16,Morning,Premium,128,413.587084,3.8,high_demand,low_supply,1.1728395061728396,2.272727272727273,438.7745374156,480.65675329976546,480.6567532997654
47,15,Urban,Gold,14,4.84,Night,Economy,89,273.1181046,3.13,low_demand,low_supply,1.175,1.3636363636363635,289.75099717014,333.089910589946,333.089910589946
25,11,Rural,Silver,33,3.85,Night,Economy,94,247.1745627,2.27,low_demand,low_supply,0.625,1.0,254.589799581,351.74874157199724,351.74874157199724
37,22,Rural,Regular,76,4.72,Afternoon,Economy,69,213.4432508,1.68,low_demand,low_supply,0.925,2.0,219.846548324,270.70163050143105,270.70163050143105
59,39,Suburban,Gold,49,3.78,Morning,Premium,98,295.7943802,1.51,low_demand,high_supply,1.475,1.0263157894736843,304.668211606,359.07559323932554,359.07559323932554
42,20,Urban,Silver,88,4.64,Night,Premium,29,145.0698092,2.1,low_demand,low_supply,1.05,1.8181818181818181,158.52169739768843,125.93325678714818,125.93325678714822
53,11,Rural,Regular,2,3.5,Afternoon,Premium,81,297.0186264,4.82,low_demand,low_supply,1.325,1.0,305.92918519200003,299.7691008851695,299.76910088516956
79,64,Rural,Regular,91,4.57,Night,Economy,164,666.6870291,1.23,low_demand,high_supply,1.975,1.6842105263157894,707.2882691721901,595.6506618194265,595.6506618194264
59,23,Urban,Gold,41,4.97,Evening,Premium,91,449.5456339,2.57,low_demand,low_supply,1.475,2.090909090909091,476.92296300451,345.04352885577225,345.04352885577225
40,29,Urban,Regular,72,4.3,Afternoon,Economy,147,624.98601,1.38,low_demand,low_supply,1.0,2.6363636363636362,643.7355903,553.1850733035938,553.1850733035938
76,40,Suburban,Silver,77,4.17,Morning,Economy,28,96.03520852,1.9,low_demand,high_supply,1.9,1.0526315789473684,98.9162647756,107.49506641547734,107.49506641547742
41,26,Urban,Regular,96,3.91,Night,Economy,169,637.7593916,1.58,low_demand,low_supply,1.025,2.3636363636363638,656.892173348,628.2416247343671,628.241624734367
83,14,Urban,Regular,80,4.77,Night,Premium,64,295.588711,5.93,high_demand,low_supply,1.0246913580246915,1.2727272727272727,322.99776540489705,244.75568481370885,244.75568481370885
44,17,Rural,Regular,15,4.0,Evening,Economy,98,353.3385451,2.59,low_demand,low_supply,1.1,1.5454545454545454,363.93870145299996,367.48485641361424,367.4848564136142
91,73,Urban,Gold,61,4.39,Night,Economy,15,62.25429042,1.25,high_demand,high_supply,1.123456790123457,1.9210526315789473,66.045576706578,76.70380911487632,76.70380911487632
54,16,Suburban,Regular,8,4.5,Afternoon,Premium,67,266.0685899,3.38,low_demand,low_supply,1.35,1.4545454545454546,282.27216702491,254.5124024121122,254.51240241211224
59,37,Rural,Silver,86,4.67,Night,Premium,95,340.1282671,1.59,low_demand,low_supply,1.475,3.3636363636363638,371.66734092338174,372.13819053922106,372.138190539221
72,43,Suburban,Gold,28,4.87,Afternoon,Economy,132,443.2581554,1.67,low_demand,high_supply,1.8,1.131578947368421,456.55590006200003,478.01269032897756,478.0126903289775
47,9,Rural,Gold,49,4.44,Evening,Economy,96,265.0552744,5.22,low_demand,low_supply,1.175,0.8181818181818182,300.30762589520003,352.38668413269886,352.3866841326988
32,22,Rural,Silver,49,4.65,Night,Economy,60,221.4343855,1.45,low_demand,low_supply,0.8,2.0,223.17375259810248,239.82764142482338,239.82764142482338
45,13,Rural,Regular,96,4.84,Night,Economy,112,393.2308288,3.46,low_demand,low_supply,1.125,1.1818181818181819,417.17858627392,413.24421165416624,413.2442116541662
72,45,Urban,Silver,82,4.42,Night,Premium,40,151.5804041,1.6,low_demand,high_supply,1.8,1.1842105263157894,165.63600023098076,152.2308857731045,152.23088577310452
56,15,Urban,Gold,34,4.72,Night,Premium,78,313.9950046,3.73,low_demand,low_supply,1.4,1.3636363636363635,343.1108193915442,292.1871880440765,292.1871880440765
42,22,Rural,Silver,67,3.81,Afternoon,Premium,82,366.1515261,1.91,low_demand,low_supply,1.05,2.0,377.136071883,315.7632523550627,315.7632523550627
52,14,Suburban,Silver,87,3.54,Afternoon,Premium,98,425.9735688,3.71,low_demand,low_supply,1.3,1.2727272727272727,438.752775864,363.04196903038047,363.0419690303804
81,23,Urban,Gold,39,4.3,Evening,Economy,143,359.053128,3.52,low_demand,low_supply,2.025,2.090909090909091,369.82472184000005,524.8707424016204,524.8707424016204
77,25,Rural,Regular,70,4.27,Afternoon,Premium,52,260.3441798,3.08,low_demand,low_supply,1.925,2.272727272727273,276.19914034982,204.78450573402768,204.78450573402765
27,6,Urban,Gold,2,4.42,Night,Economy,86,320.3017092,4.5,low_demand,low_supply,0.675,0.5454545454545454,339.80808329028,318.34454896840464,318.3445489684047
74,34,Rural,Regular,18,4.66,Morning,Premium,140,454.4921215,2.18,low_demand,low_supply,1.85,3.090909090909091,482.17069169935,525.8387133571324,525.8387133571324
92,69,Urban,Silver,88,4.69,Afternoon,Economy,18,45.1150237,1.33,high_demand,high_supply,1.1358024691358024,1.8157894736842106,46.468474411,86.1735106542665,86.17351065426647
77,34,Rural,Gold,33,4.13,Night,Premium,48,223.6621143,2.26,low_demand,low_supply,1.925,3.090909090909091,244.4016311726961,198.89424868256245,198.89424868256242
66,6,Rural,Regular,23,4.2,Evening,Economy,45,173.1577543,11.0,low_demand,low_supply,1.65,0.5454545454545454,196.1877356219,164.7454725646769,164.74547256467693
77,39,Urban,Regular,23,4.29,Morning,Economy,167,592.2404996,1.97,low_demand,high_supply,1.925,1.0263157894736843,610.007714588,600.0387938248828,600.0387938248828
35,16,Urban,Regular,31,4.75,Afternoon,Premium,113,379.3078104,2.19,low_demand,low_supply,0.875,1.4545454545454546,402.40765605336,421.65328110033454,421.6532811003345
48,38,Rural,Gold,40,3.7,Evening,Premium,80,360.7111703,1.26,low_demand,low_supply,1.2,3.4545454545454546,371.532505409,322.1625045392862,322.16250453928615
61,18,Rural,Gold,84,3.93,Evening,Premium,58,203.4926184,3.39,low_demand,low_supply,1.525,1.6363636363636365,209.597396952,222.9666313957797,222.96663139577967
71,21,Suburban,Silver,82,4.88,Afternoon,Premium,126,553.5451308,3.38,low_demand,low_supply,1.775,1.9090909090909092,587.25602926572,464.82581117031475,464.82581117031464
95,7,Rural,Gold,40,4.68,Evening,Economy,95,283.4664425,13.57,high_demand,low_supply,1.1728395061728396,0.6363636363636364,321.1674793525001,347.0140314381998,347.0140314381998
76,44,Suburban,Gold,20,3.56,Afternoon,Premium,105,435.1453451,1.73,low_demand,high_supply,1.9,1.1578947368421053,448.199705453,381.67449600454796,381.67449600454796
32,13,Suburban,Regular,21,4.64,Afternoon,Economy,156,685.7681265,2.46,low_demand,low_supply,0.8,1.1818181818181819,671.02411178025,572.0334523478409,572.0334523478408
49,30,Rural,Silver,57,4.83,Evening,Economy,154,630.8608869,1.63,low_demand,low_supply,1.225,2.727272727272727,649.786713507,577.0486288905056,577.0486288905055
38,17,Urban,Silver,92,4.41,Afternoon,Premium,138,546.1568748,2.24,low_demand,low_supply,0.95,1.5454545454545454,579.41782847532,510.61900578988997,510.6190057898899
92,35,Suburban,Regular,46,4.72,Morning,Economy,45,115.3570025,2.63,high_demand,low_supply,1.1358024691358024,3.1818181818181817,118.817712575,195.79325277430738,195.79325277430735
40,29,Suburban,Silver,26,4.26,Night,Economy,152,404.0498951,1.38,low_demand,low_supply,1.0,2.6363636363636362,428.65653371159004,570.9196142748738,570.9196142748738
55,42,Suburban,Silver,24,4.49,Afternoon,Economy,45,156.0383299,1.31,low_demand,high_supply,1.375,1.105263157894737,160.71947979700002,172.72863065463332,172.72863065463335
58,34,Rural,Gold,19,4.55,Morning,Premium,131,501.2629551,1.71,low_demand,low_supply,1.45,3.090909090909091,531.78986906559,497.27073055825684,497.27073055825673
34,5,Urban,Regular,26,4.85,Evening,Premium,152,562.4369765,6.8,low_demand,low_supply,0.85,0.45454545454545453,596.6893883688501,550.0511006127526,550.0511006127526
70,47,Suburban,Silver,3,3.66,Morning,Premium,53,216.8024751,1.49,low_demand,high_supply,1.75,1.236842105263158,223.306549353,199.29371548279033,199.29371548279033
51,24,Rural,Gold,25,4.68,Afternoon,Premium,16,120.0906902,2.12,low_demand,low_supply,1.275,2.1818181818181817,127.40421323318,81.62444039745948,81.62444039745947
88,56,Rural,Regular,11,4.36,Afternoon,Economy,60,221.1576533,1.57,high_demand,high_supply,1.0864197530864197,1.4736842105263157,227.792382899,232.08838190918124,232.08838190918124
25,8,Suburban,Silver,83,3.53,Evening,Economy,121,492.7012709,3.12,low_demand,low_supply,0.625,0.7272727272727273,492.7012709,444.74947090838975,444.7494709083897
34,19,Rural,Regular,51,4.2,Night,Premium,166,754.23448,1.79,low_demand,low_supply,0.85,1.7272727272727273,824.1723806269601,612.6148442387615,612.6148442387614
40,15,Urban,Regular,90,3.62,Night,Premium,42,211.5277288,2.67,low_demand,low_supply,1.0,1.3636363636363635,224.40976748392004,167.85268400028878,167.8526840002888
26,7,Suburban,Gold,58,4.91,Afternoon,Economy,161,460.7592754,3.71,low_demand,low_supply,0.65,0.6363636363636364,474.58205366199996,585.4942311081173,585.4942311081172
81,42,Suburban,Regular,88,4.14,Afternoon,Economy,47,164.1074735,1.93,low_demand,high_supply,2.025,1.105263157894737,169.030697705,174.37188675032425,174.3718867503243
80,56,Suburban,Gold,63,4.57,Night,Premium,43,213.696213,1.43,low_demand,high_supply,2.0,1.4736842105263157,233.51162174285102,164.13013611739402,164.13013611739407
64,19,Rural,Gold,86,4.68,Night,Premium,171,732.9893961,3.37,low_demand,low_supply,1.6,1.7272727272727273,800.9573038321647,624.0602771798633,624.0602771798632
45,18,Rural,Gold,68,4.07,Morning,Economy,136,350.6012026,2.5,low_demand,low_supply,1.125,1.6363636363636365,361.11923867800004,502.97966149717627,502.97966149717615
84,49,Urban,Regular,32,4.25,Night,Premium,53,192.8798062,1.71,high_demand,high_supply,1.037037037037037,1.2894736842105263,210.76497198950742,205.80599959258956,205.80599959258956
34,16,Urban,Silver,47,4.12,Evening,Economy,93,294.1158059,2.12,low_demand,low_supply,0.85,1.4545454545454546,302.939280077,350.92475414955373,350.92475414955373
67,32,Suburban,Regular,40,4.47,Afternoon,Premium,13,82.52418775,2.09,low_demand,low_supply,1.675,2.909090909090909,87.549910783975,75.00496995464867,75.00496995464863
93,23,Suburban,Silver,34,4.23,Evening,Premium,125,386.1690694,4.04,high_demand,low_supply,1.1481481481481481,2.090909090909091,409.68676572646,468.3792162686898,468.3792162686898
100,51,Urban,Silver,56,3.58,Night,Economy,89,310.9003273,1.96,high_demand,high_supply,1.2345679012345678,1.3421052631578947,320.227337119,332.37205330917453,332.37205330917453
35,22,Suburban,Gold,15,4.23,Morning,Premium,120,373.9628407,1.59,low_demand,low_supply,0.875,2.0,396.73717769863003,452.0132222771657,452.01322227716565
36,13,Rural,Silver,31,4.71,Night,Economy,71,221.5511001,2.77,low_demand,low_supply,0.9,1.1818181818181819,235.04356209609003,269.7077080987236,269.7077080987236
28,18,Suburban,Regular,100,3.7,Afternoon,Economy,127,531.112701,1.56,low_demand,low_supply,0.7,1.6363636363636365,504.55706595,474.6213156326399,474.62131563263983
21,9,Urban,Gold,10,3.88,Morning,Premium,108,324.9426389,2.33,low_demand,low_supply,0.525,0.8181818181818182,334.69091806700004,400.40014275659195,400.40014275659195
26,15,Urban,Regular,35,5.0,Morning,Premium,161,493.4068923,1.73,low_demand,low_supply,0.65,1.3636363636363635,497.2826034390165,592.8696761975029,592.8696761975028
97,21,Suburban,Regular,59,3.87,Evening,Premium,174,778.633356,4.62,high_demand,low_supply,1.1975308641975309,1.9090909090909092,801.9923566800001,639.9197588668101,639.9197588668098
26,15,Urban,Silver,10,3.71,Morning,Premium,171,720.1572086,1.73,low_demand,low_supply,0.65,1.3636363636363635,704.6738286151,628.338758140063,628.3387581400627
91,56,Urban,Gold,17,4.66,Night,Economy,10,38.23523524,1.62,high_demand,high_supply,1.123456790123457,1.4736842105263157,40.563761066116,54.432398960322935,54.432398960322985
65,48,Rural,Silver,12,4.37,Afternoon,Premium,140,573.5891065,1.35,low_demand,high_supply,1.625,1.263157894736842,608.52068308585,509.1897877125985,509.18978771259845
88,28,Urban,Gold,22,4.99,Night,Premium,154,682.016247,3.14,high_demand,low_supply,1.0864197530864197,2.5454545454545454,745.2575675355691,576.3668291430769,576.3668291430768
82,13,Suburban,Gold,32,3.58,Night,Economy,148,516.4367273,6.31,high_demand,low_supply,1.0123456790123457,1.1818181818181819,531.929829119,541.8775669070593,541.8775669070592
65,40,Urban,Silver,48,3.59,Evening,Economy,121,492.5196024,1.62,low_demand,high_supply,1.625,1.0526315789473684,492.5196024,439.6635347590176,439.6635347590176
41,6,Urban,Silver,56,4.32,Night,Economy,11,49.234784,6.83,low_demand,low_supply,1.025,0.5454545454545454,52.2331823456,49.39151731845465,49.3915173184547
85,36,Rural,Silver,64,4.32,Evening,Economy,152,506.6928861,2.36,high_demand,low_supply,1.0493827160493827,3.272727272727273,521.893672683,576.9590310800086,576.9590310800086
35,13,Rural,Silver,80,3.8,Afternoon,Economy,93,304.3133395,2.69,low_demand,low_supply,0.875,1.1818181818181819,304.3133395,347.9493253066949,347.94932530669485
83,29,Urban,Silver,78,4.42,Afternoon,Premium,23,111.1793412,2.86,high_demand,low_supply,1.0246913580246915,2.6363636363636362,117.95016307908,113.1614083918107,113.16140839181065
91,31,Urban,Regular,12,4.39,Night,Economy,39,163.2145833,2.94,high_demand,low_supply,1.123456790123457,2.8181818181818183,173.15435142297,170.927605476098,170.92760547609797
44,28,Rural,Regular,31,4.92,Night,Premium,132,402.8569895,1.57,low_demand,low_supply,1.1,2.5454545454545454,440.2127095653665,498.22097201622347,498.2209720162234
96,12,Suburban,Gold,15,4.97,Night,Economy,90,289.2351909,8.0,high_demand,low_supply,1.1851851851851851,1.0909090909090908,306.84961402581,333.7856192357664,333.7856192357664
77,46,Suburban,Regular,97,4.2,Afternoon,Premium,25,150.5392948,1.67,low_demand,high_supply,1.925,1.2105263157894737,159.70713785332,98.24595284540771,98.24595284540777
91,80,Rural,Gold,74,4.74,Night,Economy,46,194.9355593,1.14,high_demand,high_supply,1.123456790123457,2.1052631578947367,206.80713486137,188.52608574168966,188.52608574168963
93,42,Rural,Silver,75,4.66,Morning,Economy,160,674.6485036,2.21,high_demand,high_supply,1.1481481481481481,1.105263157894737,694.887958708,582.52533406493,582.5253340649299
41,9,Rural,Silver,73,3.51,Morning,Economy,150,551.557234,4.56,low_demand,low_supply,1.025,0.8181818181818182,551.557234,545.1775482285585,545.1775482285586
61,44,Suburban,Regular,69,4.54,Afternoon,Economy,52,132.2147646,1.39,low_demand,high_supply,1.525,1.1578947368421053,136.181207538,196.83291572406893,196.83291572406895
83,10,Urban,Gold,28,3.91,Afternoon,Economy,23,70.11182411,8.3,high_demand,low_supply,1.0246913580246915,0.9090909090909091,70.11182411,95.64472630451996,95.64472630451996
59,22,Rural,Regular,79,4.38,Morning,Premium,93,346.2847096,2.68,low_demand,low_supply,1.475,2.0,367.37344841464,351.2154146081111,351.2154146081111
42,31,Suburban,Gold,62,4.95,Night,Premium,13,102.0447303,1.35,low_demand,low_supply,1.05,2.8181818181818183,111.5070320065281,79.32396267695731,79.32396267695725
81,16,Suburban,Regular,73,4.89,Night,Economy,125,494.1401793,5.06,low_demand,low_supply,2.025,1.4545454545454546,524.2333162193701,454.57288045179996,454.57288045179996
72,19,Rural,Gold,89,4.74,Morning,Premium,45,183.6583147,3.79,low_demand,low_supply,1.8,1.7272727272727273,194.84310606523002,175.47274922889284,175.47274922889284
43,9,Rural,Silver,2,4.12,Morning,Economy,126,436.5576476,4.78,low_demand,low_supply,1.075,0.8181818181818182,449.654377028,459.632477697736,459.63247769773596
74,33,Urban,Silver,82,4.13,Afternoon,Economy,10,31.36208132,2.24,low_demand,low_supply,1.85,3.0,32.302943759600005,63.818717467678944,63.81871746767894
68,45,Rural,Silver,65,4.19,Evening,Economy,112,323.4791093,1.51,low_demand,high_supply,1.7,1.1842105263157894,333.183482579,408.4468234968938,408.4468234968938
36,13,Urban,Silver,84,4.88,Evening,Premium,140,505.3840569,2.77,low_demand,low_supply,0.9,1.1818181818181819,536.1619459652101,514.4443735023876,514.4443735023876
51,5,Urban,Gold,0,4.59,Afternoon,Premium,92,320.8576216,10.2,low_demand,low_supply,1.275,0.45454545454545453,374.4376358309841,333.67278107362495,333.67278107362495
63,23,Urban,Silver,48,4.09,Evening,Economy,49,214.5660524,2.74,low_demand,low_supply,1.575,2.090909090909091,221.003033972,195.23483695966308,195.23483695966308
96,29,Urban,Regular,84,3.65,Night,Economy,176,758.5015334,3.31,high_demand,low_supply,1.1851851851851851,2.6363636363636362,781.2565794019999,654.4925447567269,654.4925447567268
94,59,Suburban,Regular,84,4.38,Morning,Premium,175,665.7295341,1.59,high_demand,high_supply,1.1604938271604939,1.5526315789473684,706.27246272669,640.162301750024,640.162301750024
74,32,Suburban,Regular,2,4.7,Evening,Premium,38,171.0663629,2.31,low_demand,low_supply,1.85,2.909090909090909,181.48430440061,162.2102162706738,162.2102162706738
91,13,Rural,Silver,32,3.6,Morning,Premium,160,647.3526381,7.0,high_demand,low_supply,1.123456790123457,1.1818181818181819,666.7732172430001,583.5087455299567,583.5087455299567
69,12,Suburban,Regular,42,4.34,Afternoon,Premium,158,608.12824,5.75,low_demand,low_supply,1.725,1.0909090909090908,645.1632498160001,570.4487715296266,570.4487715296266
51,20,Rural,Silver,57,3.68,Night,Economy,67,246.9229249,2.55,low_demand,low_supply,1.275,1.8181818181818181,254.330612647,258.8290357598228,258.82903575982283
45,17,Rural,Gold,10,4.93,Night,Premium,148,430.0665305,2.65,low_demand,low_supply,1.125,1.5454545454545454,469.94530967367353,544.6206291920751,544.6206291920751
92,34,Suburban,Regular,98,3.99,Night,Economy,140,396.6387527,2.71,high_demand,low_supply,1.1358024691358024,3.090909090909091,408.537915281,531.8276005924544,531.8276005924544
69,36,Suburban,Gold,55,4.74,Morning,Economy,109,436.0114486,1.92,low_demand,low_supply,1.725,3.272727272727273,449.091792058,418.77660527923916,418.7766052792391
56,14,Suburban,Silver,30,3.67,Night,Economy,48,202.9454569,4.0,low_demand,low_supply,1.4,1.2727272727272727,209.03382060700002,184.85801158022323,184.85801158022326
43,26,Rural,Regular,59,4.91,Afternoon,Economy,175,731.7816872,1.65,low_demand,low_supply,1.075,2.3636363636363638,753.735137816,649.1038000312244,649.1038000312244
86,48,Urban,Silver,37,4.15,Night,Economy,84,216.0505481,1.79,high_demand,high_supply,1.0617283950617284,1.263157894736842,229.20802647929,315.28623013264723,315.28623013264723
61,34,Urban,Gold,82,3.99,Night,Premium,10,83.8683562,1.79,low_demand,low_supply,1.525,3.090909090909091,88.97593909257999,67.46592825026269,67.46592825026272
50,36,Suburban,Gold,18,4.61,Night,Economy,145,572.2420493,1.39,low_demand,low_supply,1.25,3.272727272727273,607.09159010237,550.4484020249014,550.4484020249013
73,34,Urban,Regular,95,4.31,Morning,Premium,21,118.8070474,2.15,low_demand,low_supply,1.825,3.090909090909091,126.04239658666,103.96627517500744,103.96627517500741
76,7,Urban,Gold,76,4.35,Morning,Economy,72,245.8935712,10.86,low_demand,low_supply,1.9,0.6363636363636364,278.5974161696,259.33755510236944,259.3375551023695
87,41,Urban,Regular,87,4.36,Night,Economy,87,387.1117403,2.12,high_demand,high_supply,1.0740740740740742,1.0789473684210527,410.68684528427,323.9553076985186,323.9553076985186
53,33,Rural,Regular,40,3.8,Morning,Premium,139,507.9505747,1.61,low_demand,low_supply,1.325,3.0,523.189091941,525.772250147828,525.7722501478279
71,8,Suburban,Silver,57,3.68,Night,Economy,75,249.3029746,8.88,low_demand,low_supply,1.775,0.7272727272727273,282.46027022180004,271.948394993007,271.948394993007
32,5,Rural,Gold,80,3.55,Night,Economy,14,45.91711193,6.4,low_demand,low_supply,0.8,0.45454545454545453,47.2946252879,60.997043674102926,60.997043674103
91,30,Suburban,Gold,34,3.69,Afternoon,Economy,96,424.6120578,3.03,high_demand,low_supply,1.123456790123457,2.727272727272727,424.6120578,372.17944191251695,372.1794419125169
47,37,Suburban,Gold,64,3.75,Morning,Economy,31,85.9735753,1.27,low_demand,low_supply,1.175,3.3636363636363638,85.9735753,147.65170931890816,147.65170931890813
23,13,Rural,Silver,42,4.55,Night,Economy,87,328.9669926,1.77,low_demand,low_supply,0.575,1.1818181818181819,331.55102832687305,329.18351935323017,329.18351935323017
57,20,Rural,Regular,92,3.74,Morning,Economy,53,172.6294341,2.85,low_demand,low_supply,1.425,1.8181818181818181,172.6294341,207.91449943420315,207.91449943420315
48,17,Suburban,Silver,2,4.09,Evening,Economy,85,261.9435329,2.82,low_demand,low_supply,1.2,1.5454545454545454,269.801838887,320.5365021509291,320.5365021509291
22,5,Urban,Gold,39,4.92,Evening,Economy,56,199.0416803,4.4,low_demand,low_supply,0.55,0.45454545454545453,205.012930709,212.06355717624777,212.0635571762478
60,19,Urban,Silver,37,4.22,Evening,Economy,68,232.2834549,3.16,low_demand,low_supply,1.5,1.7272727272727273,239.25195854700002,259.5672809088522,259.5672809088521
94,42,Rural,Regular,0,4.23,Morning,Premium,36,185.3118381,2.24,high_demand,high_supply,1.1604938271604939,1.105263157894737,196.59732904029,142.60519356516627,142.60519356516633
43,6,Suburban,Silver,34,4.4,Morning,Premium,24,153.7614397,7.17,low_demand,low_supply,1.075,0.5454545454545454,163.12551137773002,95.08204997510416,95.08204997510421
97,18,Suburban,Regular,53,4.25,Night,Premium,26,126.4771353,5.39,high_demand,low_supply,1.1975308641975309,1.6363636363636365,138.20498062496313,112.21155420840202,112.21155420840205
47,17,Rural,Silver,7,4.8,Morning,Economy,173,609.5038276,2.76,low_demand,low_supply,1.175,1.5454545454545454,627.788942428,632.8740601797966,632.8740601797965
39,28,Urban,Silver,72,3.76,Afternoon,Premium,87,287.1624376,1.39,low_demand,low_supply,0.975,2.5454545454545454,295.777310728,339.65828794639975,339.6582879463997
50,39,Suburban,Regular,94,3.81,Evening,Premium,139,406.3248065,1.28,low_demand,high_supply,1.25,1.0263157894736843,418.514550695,506.3855616128751,506.3855616128751
35,17,Urban,Regular,78,4.4,Evening,Premium,61,249.0371127,2.06,low_demand,low_supply,0.875,1.5454545454545454,264.20347286342997,238.1359856351956,238.13598563519557
28,8,Suburban,Regular,69,3.86,Evening,Premium,175,620.9016916,3.5,low_demand,low_supply,0.7,0.7272727272727273,639.528742348,635.6536025951959,635.6536025951959
51,32,Rural,Regular,98,4.44,Morning,Premium,51,267.0607017,1.59,low_demand,low_supply,1.275,2.909090909090909,283.32469843353,213.14167228580516,213.14167228580513
54,12,Suburban,Silver,84,4.98,Evening,Premium,172,715.7547931,4.5,low_demand,low_supply,1.35,1.0909090909090908,759.34425999979,623.2500402642996,623.2500402642996
65,10,Urban,Regular,77,4.36,Afternoon,Economy,170,430.3854879,6.5,low_demand,low_supply,1.625,0.9090909090909091,443.297052537,612.0063563257092,612.0063563257092
61,26,Rural,Gold,21,3.85,Morning,Premium,126,604.273047,2.35,low_demand,low_supply,1.525,2.3636363636363638,622.40123841,471.53183369457344,471.5318336945734
46,9,Suburban,Silver,67,4.22,Evening,Premium,47,243.5250632,5.11,low_demand,low_supply,1.15,0.8181818181818182,258.35573954888,178.79781954849398,178.79781954849403
73,50,Urban,Regular,7,4.22,Night,Economy,45,176.2144067,1.46,low_demand,high_supply,1.825,1.3157894736842106,186.94586406803,171.09016309924328,171.0901630992433
86,49,Urban,Regular,99,3.51,Night,Economy,130,471.4796321,1.76,high_demand,high_supply,1.0617283950617284,1.2894736842105263,485.62402106300004,478.7108817262629,478.7108817262629
75,7,Suburban,Gold,100,4.13,Morning,Economy,134,453.3769494,10.71,low_demand,low_supply,1.875,0.6363636363636364,513.6760836702001,479.45550008058086,479.45550008058086
39,29,Suburban,Silver,12,4.24,Evening,Economy,97,251.1073065,1.34,low_demand,low_supply,0.975,2.6363636363636362,258.640525695,376.04930052513294,376.0493005251329
33,6,Rural,Gold,90,4.81,Night,Premium,139,521.8019208,5.5,low_demand,low_supply,0.825,0.5454545454545454,570.1870475100216,505.07286165793715,505.0728616579371
40,29,Suburban,Silver,6,4.94,Night,Premium,71,346.4926515,1.38,low_demand,low_supply,1.0,2.6363636363636362,378.6218755956406,283.6200505401376,283.6200505401376
54,35,Suburban,Silver,66,4.4,Night,Economy,77,234.0714535,1.54,low_demand,low_supply,1.35,3.1818181818181817,248.32640501814998,307.498166441963,307.4981664419629
53,26,Urban,Gold,54,4.6,Night,Premium,52,184.0244513,2.04,low_demand,low_supply,1.325,2.3636363636363638,201.08848659569512,210.73772279434343,210.7377227943434
81,34,Urban,Silver,98,3.55,Afternoon,Premium,164,554.8869659,2.38,low_demand,low_supply,2.025,3.090909090909091,571.533574877,609.4970514789017,609.4970514789015
45,20,Urban,Regular,80,4.73,Morning,Economy,63,192.6197724,2.25,low_demand,low_supply,1.125,1.8181818181818181,198.398365572,245.89922458883447,245.89922458883444
20,9,Urban,Silver,77,3.91,Evening,Economy,89,227.7965248,2.22,low_demand,low_supply,0.5,0.8181818181818182,227.7965248,333.2185240000672,333.2185240000672
47,22,Rural,Silver,11,4.8,Afternoon,Premium,119,416.601649,2.14,low_demand,low_supply,1.175,2.0,441.97268942410005,445.95067087083845,445.9506708708384
33,18,Urban,Gold,90,3.61,Evening,Premium,146,671.7128294,1.83,low_demand,low_supply,0.825,1.6363636363636365,657.2710035679,540.9643866518076,540.9643866518074
78,57,Rural,Silver,5,4.82,Morning,Premium,127,552.6397714,1.37,low_demand,high_supply,1.95,1.5,586.29553347826,462.7565729614164,462.7565729614164
26,12,Rural,Silver,9,3.75,Afternoon,Economy,115,321.3724051,2.17,low_demand,low_supply,0.65,1.0909090909090908,321.3724051,426.9461073532072,426.94610735320714
62,21,Rural,Regular,61,4.57,Night,Economy,56,215.4338699,2.95,low_demand,low_supply,1.55,1.9090909090909092,228.55379257691,218.42896998144798,218.428969981448
84,59,Suburban,Silver,67,4.27,Morning,Premium,164,758.9961232,1.42,high_demand,high_supply,1.037037037037037,1.5526315789473684,805.2189871028801,602.181555733402,602.1815557334019
49,8,Urban,Regular,1,4.06,Afternoon,Premium,157,694.4247149,6.12,low_demand,low_supply,1.225,0.7272727272727273,810.3866980411511,567.4068794774632,567.4068794774632
34,22,Suburban,Gold,34,3.64,Morning,Economy,176,617.3632185,1.55,low_demand,low_supply,0.85,2.0,617.3632185,650.8497180898412,650.849718089841
49,30,Rural,Silver,86,3.62,Afternoon,Premium,69,328.635369,1.63,low_demand,low_supply,1.225,2.727272727272727,338.49443007,275.56143237874534,275.5614323787453
83,50,Rural,Regular,7,3.66,Evening,Premium,100,376.3000601,1.66,high_demand,high_supply,1.0246913580246915,1.3157894736842106,387.589061903,372.88108379248064,372.88108379248064
88,5,Urban,Silver,89,3.59,Night,Economy,27,70.20380337,17.6,high_demand,low_supply,1.0864197530864197,0.45454545454545453,72.30991747110001,104.70508384058101,104.70508384058104
90,71,Suburban,Gold,88,3.84,Morning,Economy,167,451.684865,1.27,high_demand,high_supply,1.1111111111111112,1.868421052631579,451.684865,615.4036297381289,615.4036297381288
65,5,Rural,Silver,24,3.54,Night,Economy,119,301.4039268,13.0,low_demand,low_supply,1.625,0.45454545454545453,341.4906490644001,426.5043852377872,426.5043852377872
73,28,Urban,Silver,22,4.57,Afternoon,Economy,53,153.3960711,2.61,low_demand,low_supply,1.825,2.5454545454545454,157.997953233,211.93575357416037,211.93575357416034
85,62,Suburban,Silver,54,3.78,Morning,Economy,114,339.6623042,1.37,high_demand,high_supply,1.0493827160493827,1.631578947368421,339.6623042,425.53324558210124,425.5332455821012
65,27,Rural,Gold,62,3.54,Night,Premium,162,733.4425367,2.41,low_demand,low_supply,1.625,2.4545454545454546,778.10918718503,599.3039115866055,599.3039115866055
74,42,Urban,Gold,88,3.5,Evening,Economy,77,203.836381,1.76,low_demand,high_supply,1.85,1.105263157894737,203.836381,282.24659111837923,282.24659111837923
41,7,Rural,Gold,68,4.3,Evening,Premium,66,284.5088586,5.86,low_demand,low_supply,1.025,0.6363636363636364,301.83544808874,245.393398638708,245.393398638708
79,23,Urban,Gold,88,3.88,Night,Economy,164,492.1134584,3.43,low_demand,low_supply,1.975,2.090909090909091,506.876862152,599.775088349675,599.7750883496749
53,7,Urban,Silver,64,4.55,Night,Premium,10,86.19117981,7.57,low_demand,low_supply,1.325,0.6363636363636364,103.60177227426607,44.250896548300574,44.2508965483006
35,14,Urban,Silver,74,5.0,Night,Premium,175,727.8809448,2.5,low_demand,low_supply,0.875,1.2727272727272727,795.3751611684697,639.7177278718602,639.7177278718602
53,40,Rural,Gold,79,3.66,Evening,Premium,30,158.6526416,1.32,low_demand,high_supply,1.325,1.0526315789473684,163.412220848,119.41053229379263,119.41053229379267
36,23,Urban,Silver,42,4.66,Morning,Economy,14,44.52503661,1.57,low_demand,low_supply,0.9,2.090909090909091,45.8607877083,76.75324738786338,76.75324738786338
38,25,Urban,Regular,2,4.24,Morning,Premium,128,452.4258269,1.52,low_demand,low_supply,0.95,2.272727272727273,479.97855975821005,482.5253689367155,482.52536893671544
52,36,Rural,Silver,1,4.52,Morning,Premium,36,152.6404792,1.44,low_demand,low_supply,1.3,3.272727272727273,161.93628438328,163.41613498231862,163.4161349823186
91,64,Suburban,Regular,26,4.56,Morning,Premium,96,420.2245689,1.42,high_demand,high_supply,1.123456790123457,1.6842105263157894,445.81624514601,361.60150092905604,361.601500929056
87,5,Urban,Silver,59,4.32,Night,Economy,42,151.3593007,17.4,high_demand,low_supply,1.0740740740740742,0.45454545454545453,160.57708211263,158.01223116644044,158.0122311664405
96,20,Suburban,Gold,88,3.6,Evening,Premium,71,242.2719657,4.8,high_demand,low_supply,1.1851851851851851,1.8181818181818181,249.54012467100003,273.7698086342879,273.7698086342879
83,59,Urban,Gold,8,4.85,Morning,Economy,31,119.0485544,1.41,high_demand,high_supply,1.0246913580246915,1.5526315789473684,122.62001103200001,130.54629030937298,130.546290309373
48,23,Rural,Gold,0,4.46,Afternoon,Economy,174,472.5695408,2.09,low_demand,low_supply,1.2,2.090909090909091,486.746627024,641.7429152567526,641.7429152567524
65,19,Suburban,Silver,24,4.59,Evening,Economy,96,334.6493506,3.42,low_demand,low_supply,1.625,1.7272727272727273,344.688831118,357.8325256763239,357.8325256763238
79,29,Suburban,Silver,0,4.86,Morning,Economy,127,406.0855257,2.72,low_demand,low_supply,1.975,2.6363636363636362,418.268091471,474.0710689792421,474.071068979242
100,22,Suburban,Silver,45,4.23,Night,Premium,141,551.3651376,4.55,high_demand,low_supply,1.2345679012345678,2.0,602.4915727142353,523.483145856477,523.4831458564769
73,63,Suburban,Silver,25,4.19,Afternoon,Economy,129,534.0181946,1.16,low_demand,high_supply,1.825,1.6578947368421053,550.038740438,472.49982196866245,472.4998219686624
79,67,Rural,Gold,56,4.01,Evening,Premium,151,501.2363001,1.18,low_demand,high_supply,1.975,1.763157894736842,531.76159077609,550.3414792676173,550.3414792676173
88,55,Rural,Regular,56,4.0,Night,Premium,26,159.6069186,1.6,high_demand,high_supply,1.0864197530864197,1.4473684210526316,174.40678934102223,111.22662864663755,111.22662864663761
76,34,Suburban,Silver,10,4.92,Morning,Economy,103,359.801051,2.24,low_demand,low_supply,1.9,3.090909090909091,370.59508252999996,394.18383630098185,394.1838363009818
49,30,Suburban,Silver,80,3.74,Night,Economy,85,348.6695625,1.63,low_demand,low_supply,1.225,2.727272727272727,359.129649375,332.31196348684136,332.31196348684136
100,64,Rural,Regular,7,4.89,Night,Premium,115,490.504076,1.56,high_demand,high_supply,1.2345679012345678,1.6842105263157894,535.9870474552521,428.06103691174553,428.0610369117455
87,26,Rural,Gold,63,4.2,Morning,Premium,118,485.6832395,3.35,high_demand,low_supply,1.0740740740740742,2.3636363636363638,515.26134878555,446.93779728953376,446.9377972895337
22,5,Rural,Silver,93,4.85,Evening,Economy,99,424.9275102,4.4,low_demand,low_supply,0.55,0.45454545454545453,437.675335506,364.58060952925587,364.58060952925587
21,11,Rural,Silver,23,3.76,Afternoon,Economy,12,40.44289065,1.91,low_demand,low_supply,0.525,1.0,40.44289065,61.74081738036211,61.7408173803621
93,57,Suburban,Regular,34,4.89,Morning,Premium,80,258.4249153,1.63,high_demand,high_supply,1.1481481481481481,1.5,274.1629926417701,302.77579839204395,302.77579839204395
28,15,Rural,Gold,90,4.25,Night,Premium,177,511.929391,1.87,low_demand,low_supply,0.7,1.3636363636363635,531.4291142572941,649.2009334369203,649.2009334369203
97,7,Urban,Silver,22,3.74,Afternoon,Premium,147,441.746701,13.86,high_demand,low_supply,1.1975308641975309,0.6363636363636364,500.499012233,531.2462087154731,531.2462087154731
48,12,Urban,Silver,51,4.63,Night,Premium,32,175.5180543,4.0,low_demand,low_supply,1.2,1.0909090909090908,191.79331692107613,127.94071467449497,127.94071467449498
70,37,Urban,Silver,10,3.65,Night,Premium,168,658.5834277,1.89,low_demand,low_supply,1.75,3.3636363636363638,698.69115844693,628.7564824421772,628.7564824421771
78,12,Rural,Silver,99,4.3,Afternoon,Economy,95,299.2909931,6.5,low_demand,low_supply,1.95,1.0909090909090908,308.269722893,345.10682288244493,345.10682288244493
25,7,Rural,Regular,24,3.85,Evening,Premium,144,494.8027992,3.57,low_demand,low_supply,0.625,0.6363636363636364,509.646883176,525.4064287401045,525.4064287401045
24,9,Urban,Gold,6,4.05,Afternoon,Premium,69,223.519012,2.67,low_demand,low_supply,0.6,0.8181818181818182,237.1313198308,261.44181237759005,261.44181237759005
92,37,Rural,Silver,7,4.92,Morning,Premium,103,434.5710508,2.49,high_demand,low_supply,1.1358024691358024,3.3636363636363638,461.03642779372007,403.35778931350194,403.3577893135018
43,33,Rural,Gold,16,4.01,Morning,Premium,159,630.4284013,1.3,low_demand,low_supply,1.075,3.0,668.82149093917,598.8067833763408,598.8067833763407
96,23,Urban,Gold,8,4.23,Morning,Premium,90,445.1254111,4.17,high_demand,low_supply,1.1851851851851851,2.090909090909091,472.23354863599,343.9268562336716,343.9268562336715
88,46,Rural,Gold,35,4.89,Afternoon,Premium,72,361.985521,1.91,high_demand,high_supply,1.0864197530864197,1.2105263157894737,384.03043922890004,271.9825336618572,271.9825336618572
83,43,Suburban,Regular,20,3.59,Morning,Economy,63,267.2821971,1.93,high_demand,high_supply,1.0246913580246915,1.131578947368421,267.2821971,239.7773580001313,239.77735800013133
50,29,Urban,Regular,2,4.81,Morning,Economy,143,518.954763,1.72,low_demand,low_supply,1.25,2.6363636363636362,534.5234058899999,536.901071183177,536.901071183177
97,75,Urban,Regular,15,4.94,Afternoon,Economy,163,575.4934492,1.29,high_demand,high_supply,1.1975308641975309,1.9736842105263157,592.758252676,601.5588247083275,601.5588247083275
84,24,Suburban,Regular,39,4.08,Afternoon,Economy,86,349.4432162,3.5,high_demand,low_supply,1.037037037037037,2.1818181818181817,359.926512686,331.90344703705347,331.9034470370534
68,40,Suburban,Silver,58,4.64,Morning,Premium,68,279.2349662,1.7,low_demand,high_supply,1.7,1.0526315789473684,296.24037564158,251.04848966043164,251.04848966043164
77,30,Urban,Regular,99,4.7,Evening,Premium,179,689.7483155,2.57,low_demand,low_supply,1.925,2.727272727272727,731.75398791395,659.851499585406,659.8514995854059
82,67,Urban,Regular,13,4.43,Afternoon,Economy,33,88.76294359,1.22,high_demand,high_supply,1.0123456790123457,1.763157894736842,91.42583189770001,139.87862837262125,139.87862837262128
21,8,Suburban,Gold,37,3.71,Evening,Premium,171,621.7963495,2.62,low_demand,low_supply,0.525,0.7272727272727273,640.450239985,622.933428358547,622.9334283585468
75,24,Rural,Regular,44,3.79,Night,Premium,72,307.6219494,3.12,low_demand,low_supply,1.875,2.1818181818181817,326.35612611846005,275.22001285165305,275.22001285165305
61,9,Urban,Gold,74,3.98,Evening,Premium,32,172.4105313,6.78,low_demand,low_supply,1.525,0.8181818181818182,195.34113196290002,122.44964261956484,122.44964261956486
90,13,Suburban,Regular,24,3.73,Afternoon,Economy,126,444.2453021,6.92,high_demand,low_supply,1.1111111111111112,1.1818181818181819,444.2453021,463.0173913372721,463.017391337272
100,21,Suburban,Regular,20,3.52,Night,Premium,163,556.8967118,4.76,high_demand,low_supply,1.2345679012345678,1.9090909090909092,590.8117215486201,600.5931954939358,600.5931954939357
93,31,Suburban,Gold,13,3.58,Afternoon,Premium,101,355.3245755,3.0,high_demand,low_supply,1.1481481481481481,2.8181818181818183,365.98431276499997,390.6288646959314,390.62886469593127
92,14,Urban,Silver,57,3.73,Morning,Premium,133,474.9977391,6.57,high_demand,low_supply,1.1358024691358024,1.2727272727272727,489.247671273,488.56063050919846,488.5606305091984
61,12,Rural,Gold,59,4.72,Afternoon,Premium,178,581.9712306,5.08,low_demand,low_supply,1.525,1.0909090909090908,617.4132785435401,643.0640308894608,643.0640308894608
53,12,Suburban,Gold,79,3.6,Night,Premium,154,663.4393972,4.42,low_demand,low_supply,1.325,1.0909090909090908,703.84285648948,559.615329702031,559.6153297020309
55,21,Urban,Regular,20,3.56,Night,Premium,134,519.4694924,2.62,low_demand,low_supply,1.375,1.9090909090909092,551.10518448716,496.5552676737911,496.55526767379104
57,45,Rural,Gold,78,4.43,Afternoon,Premium,112,397.6919501,1.27,low_demand,high_supply,1.425,1.1842105263157894,421.91138986109,410.7528297746258,410.75282977462575
34,8,Suburban,Silver,51,4.09,Afternoon,Premium,130,388.1122299,4.25,low_demand,low_supply,0.85,0.7272727272727273,411.74826470091,474.78491224764025,474.78491224764025
50,11,Suburban,Silver,19,4.87,Morning,Economy,144,591.100076,4.55,low_demand,low_supply,1.25,1.0,608.83307828,523.8532279263155,523.8532279263154
35,22,Rural,Silver,82,3.79,Afternoon,Economy,174,586.7988633,1.59,low_demand,low_supply,0.875,2.0,586.7988633,643.5462647669899,643.5462647669897
43,14,Suburban,Regular,1,3.53,Night,Premium,134,648.9097429,3.07,low_demand,low_supply,1.075,1.2727272727272727,688.4283462426099,492.61739643264997,492.61739643264997
50,25,Suburban,Silver,19,4.32,Night,Economy,176,746.3391325,2.0,low_demand,low_supply,1.25,2.272727272727273,791.79118566925,650.2613190489324,650.2613190489323
55,19,Urban,Regular,64,4.34,Morning,Premium,129,555.0976878,2.89,low_demand,low_supply,1.375,1.7272727272727273,588.90313698702,476.9768654301647,476.97686543016465
93,67,Urban,Silver,21,4.88,Night,Premium,87,417.9131413,1.39,high_demand,high_supply,1.1481481481481481,1.763157894736842,456.66497315332515,330.27290233023206,330.27290233023206
94,69,Urban,Silver,86,4.12,Morning,Premium,18,97.80093622,1.36,high_demand,high_supply,1.1604938271604939,1.8157894736842106,103.75701323579801,85.9664618302277,85.96646183022767
70,60,Urban,Regular,57,4.05,Afternoon,Premium,43,193.089112,1.17,low_demand,high_supply,1.75,1.5789473684210527,204.84823892080001,167.2940040921452,167.29400409214523
36,25,Suburban,Regular,61,3.64,Night,Economy,132,492.4640116,1.44,low_demand,low_supply,0.9,2.272727272727273,507.237931948,497.13227558241806,497.132275582418
37,9,Suburban,Silver,73,4.8,Morning,Economy,124,408.8156288,4.11,low_demand,low_supply,0.925,0.8181818181818182,421.08009766400005,453.7964829152596,453.7964829152596
68,46,Urban,Gold,8,4.21,Afternoon,Economy,116,364.1617948,1.48,low_demand,high_supply,1.7,1.2105263157894737,375.086648644,422.90133093175746,422.9013309317574
77,15,Suburban,Regular,47,4.47,Morning,Economy,66,228.6434979,5.13,low_demand,low_supply,1.925,1.3636363636363635,235.50280283700002,245.22191409187974,245.22191409187974
27,12,Suburban,Silver,64,4.7,Evening,Economy,149,667.946428,2.25,low_demand,low_supply,0.675,1.0909090909090908,687.98482084,547.3313490235721,547.331349023572
90,56,Suburban,Silver,61,4.38,Night,Premium,91,410.342709,1.61,high_demand,high_supply,1.1111111111111112,1.4736842105263157,448.3925573774431,341.8354871070785,341.8354871070785
46,23,Suburban,Regular,19,4.92,Afternoon,Economy,169,710.4192642,2.0,low_demand,low_supply,1.15,2.090909090909091,731.7318421260001,624.427648154151,624.427648154151
96,80,Urban,Regular,47,3.77,Morning,Economy,70,177.2030658,1.2,high_demand,high_supply,1.1851851851851851,2.1052631578947367,177.2030658,273.13426034373674,273.13426034373674
80,6,Rural,Silver,43,4.81,Night,Economy,24,74.32837978,13.33,low_demand,low_supply,2.0,0.5454545454545454,86.74047591946223,87.32548340455104,87.32548340455111
80,31,Suburban,Silver,91,4.61,Evening,Premium,127,392.3027601,2.58,low_demand,low_supply,2.0,2.8181818181818183,416.19399819009004,475.70529331724924,475.70529331724913
64,25,Suburban,Silver,85,4.46,Afternoon,Premium,37,168.6101943,2.56,low_demand,low_supply,1.6,2.272727272727273,178.87855513287,154.30616296659818,154.30616296659818
57,42,Rural,Silver,36,3.59,Afternoon,Premium,167,587.2581373,1.36,low_demand,high_supply,1.425,1.105263157894737,604.875881419,605.0321564851871,605.032156485187
52,7,Rural,Silver,57,4.82,Night,Economy,180,563.9803273,7.43,low_demand,low_supply,1.3,0.6363636363636364,658.1594021558271,647.4349265061602,647.4349265061602
69,56,Urban,Regular,73,4.02,Night,Premium,116,352.3474983,1.23,low_demand,high_supply,1.725,1.4736842105263157,385.01962477486416,425.36044057581427,425.3604405758142
67,54,Suburban,Regular,53,3.67,Morning,Economy,110,415.3075369,1.24,low_demand,high_supply,1.675,1.4210526315789473,415.3075369,403.9645159632775,403.9645159632775
25,7,Rural,Silver,13,4.07,Afternoon,Premium,60,204.2158433,3.57,low_demand,low_supply,0.625,0.6363636363636364,216.65258815696998,227.46614042260035,227.46614042260038
80,35,Rural,Regular,29,4.49,Night,Economy,79,319.6520701,2.29,low_demand,low_supply,2.0,3.1818181818181817,339.11888116909,309.14142253765385,309.14142253765385
73,6,Suburban,Silver,5,4.03,Night,Premium,71,362.0533307,12.17,low_demand,low_supply,1.825,0.5454545454545454,435.1879948854009,255.49762707495807,255.4976270749581
24,6,Urban,Regular,65,4.29,Afternoon,Premium,106,387.4755378,4.0,low_demand,low_supply,0.6,0.5454545454545454,411.07279805202,389.9116236565426,389.91162365654253
37,14,Rural,Gold,18,4.36,Evening,Economy,85,348.8532987,2.64,low_demand,low_supply,0.925,1.2727272727272727,359.318897661,320.0767165201415,320.07671652014153
27,6,Rural,Regular,74,4.75,Afternoon,Premium,157,732.2985127,4.5,low_demand,low_supply,0.675,0.5454545454545454,776.89549212343,570.1750307605809,570.1750307605807
23,11,Urban,Regular,11,4.86,Afternoon,Economy,133,343.6721334,2.09,low_demand,low_supply,0.575,1.0,353.98229740200003,490.4974350166599,490.49743501665984
42,8,Rural,Gold,12,4.79,Morning,Premium,166,599.7162532,5.25,low_demand,low_supply,1.05,0.7272727272727273,636.2389730198801,600.7965117661422,600.7965117661421
74,39,Urban,Silver,11,3.65,Morning,Economy,173,484.7545389,1.9,low_demand,high_supply,1.85,1.0263157894736843,484.7545389,621.9491537934366,621.9491537934366
68,30,Urban,Regular,28,4.69,Night,Premium,134,581.1514566,2.27,low_demand,low_supply,1.7,2.727272727272727,635.0398877161482,502.1273632529393,502.12736325293923
59,9,Suburban,Silver,30,4.83,Afternoon,Economy,140,603.3651643,6.56,low_demand,low_supply,1.475,0.8181818181818182,683.6127311519,505.93500146789165,505.9350014678916
89,75,Rural,Silver,76,4.39,Evening,Economy,110,369.8546415,1.19,high_demand,high_supply,1.0987654320987654,1.9736842105263157,380.95028074500004,414.40088570891453,414.40088570891453
81,35,Suburban,Regular,45,4.11,Night,Economy,174,708.8801421,2.31,low_demand,low_supply,2.025,3.1818181818181817,752.05094275389,645.8880640576349,645.8880640576347
33,8,Suburban,Regular,74,4.52,Morning,Premium,56,205.8375505,4.12,low_demand,low_supply,0.825,0.7272727272727273,218.37305732545002,212.52334280703536,212.5233428070354
75,28,Urban,Gold,49,4.46,Night,Economy,163,684.5607033,2.68,low_demand,low_supply,1.875,2.5454545454545454,726.2504501309701,601.6763810736421,601.676381073642
87,48,Suburban,Silver,95,4.73,Morning,Economy,162,453.2541299,1.81,high_demand,high_supply,1.0740740740740742,1.263157894736842,466.851753797,591.8415448725959,591.8415448725959
56,37,Suburban,Silver,96,3.83,Afternoon,Premium,130,412.584838,1.51,low_demand,low_supply,1.4,3.3636363636363638,424.96238314,496.90888814119893,496.9088881411989
75,32,Urban,Silver,20,3.69,Evening,Premium,96,440.4442377,2.34,low_demand,low_supply,1.875,2.909090909090909,453.657564831,367.72125460318273,367.7212546031827
99,54,Rural,Silver,96,3.77,Afternoon,Premium,61,241.6407114,1.83,high_demand,high_supply,1.2222222222222223,1.4210526315789473,248.88993274199998,233.9627722555447,233.96277225554468
33,16,Rural,Regular,81,4.08,Afternoon,Premium,50,201.2925319,2.06,low_demand,low_supply,0.825,1.4545454545454546,202.8736847380745,198.6173387308849,198.61733873088494
41,28,Rural,Gold,89,4.47,Evening,Premium,45,220.0511403,1.46,low_demand,low_supply,1.025,2.5454545454545454,233.45225474427,190.26886991896907,190.26886991896905
55,19,Suburban,Silver,74,3.51,Morning,Economy,173,702.913416,2.89,low_demand,low_supply,1.375,1.7272727272727273,702.913416,633.0408259774288,633.0408259774288
93,51,Rural,Silver,12,4.98,Morning,Premium,90,431.4216603,1.82,high_demand,high_supply,1.1481481481481481,1.3421052631578947,457.69523941227,336.6436323875663,336.6436323875663
54,35,Urban,Silver,11,4.49,Afternoon,Premium,96,466.8626811,1.54,low_demand,low_supply,1.35,3.1818181818181817,495.29461837899,374.88942213282706,374.88942213282695
34,20,Urban,Gold,21,4.15,Morning,Premium,158,445.1263612,1.7,low_demand,low_supply,0.85,1.8181818181818181,472.2345565970801,585.1615093208867,585.1615093208866
86,18,Suburban,Silver,61,4.3,Afternoon,Premium,126,441.6378571,4.78,high_demand,low_supply,1.0617283950617284,1.6363636363636365,468.53360259739003,468.04114216621565,468.04114216621554
85,27,Suburban,Gold,8,4.11,Night,Premium,157,669.5210117,3.15,high_demand,low_supply,1.0493827160493827,2.4545454545454546,731.603686551906,586.3961963257298,586.3961963257298
74,5,Suburban,Regular,80,3.63,Night,Economy,134,354.3852115,14.8,low_demand,low_supply,1.85,0.45454545454545453,401.5184446295001,477.82127574257373,477.82127574257373
63,53,Rural,Gold,33,4.33,Afternoon,Economy,175,489.7125243,1.19,low_demand,high_supply,1.575,1.394736842105263,504.403900029,635.0852216694352,635.0852216694351
55,13,Suburban,Silver,45,3.71,Morning,Premium,40,222.568582,4.23,low_demand,low_supply,1.375,1.1818181818181819,229.24563946,155.77045232434128,155.7704523243413
100,66,Suburban,Gold,27,3.53,Evening,Premium,106,412.2556068,1.52,high_demand,high_supply,1.2345679012345678,1.736842105263158,424.623275004,396.67261247912074,396.6726124791207
51,27,Urban,Gold,86,3.82,Evening,Premium,152,472.2157353,1.89,low_demand,low_supply,1.275,2.4545454545454546,486.382207359,566.7697467247954,566.7697467247954
37,10,Urban,Silver,33,4.86,Afternoon,Economy,44,179.9398803,3.7,low_demand,low_supply,0.925,0.9090909090909091,185.338076709,170.9657580109526,170.96575801095264
99,71,Suburban,Gold,3,4.63,Morning,Premium,100,308.9111533,1.39,high_demand,high_supply,1.2222222222222223,1.868421052631579,327.72384253597005,376.82906101480216,376.8290610148021
54,24,Rural,Silver,85,3.79,Evening,Economy,102,306.3142432,2.25,low_demand,low_supply,1.35,2.1818181818181817,306.3142432,386.0296343004579,386.0296343004578
30,7,Rural,Gold,57,4.27,Morning,Premium,69,224.4648783,4.29,low_demand,low_supply,0.75,0.6363636363636364,238.13478938847,258.34012949920805,258.34012949920805
84,56,Urban,Silver,71,4.56,Evening,Premium,15,101.0737865,1.5,high_demand,high_supply,1.037037037037037,1.4736842105263157,107.22918009785,72.89161081573872,72.89161081573877
49,14,Suburban,Silver,55,4.43,Morning,Premium,131,633.4966221,3.5,low_demand,low_supply,1.225,1.2727272727272727,672.07656638589,480.71885024384636,480.7188502438463
86,10,Urban,Silver,98,4.8,Morning,Economy,18,62.87509274,8.6,high_demand,low_supply,1.0617283950617284,0.9090909090909091,64.7613455222,77.59961209718176,77.59961209718176
48,24,Rural,Gold,17,3.98,Afternoon,Economy,29,92.03104706,2.0,low_demand,low_supply,1.2,2.1818181818181817,92.03104706,128.36315772580534,128.36315772580537
67,18,Urban,Silver,78,3.81,Morning,Premium,22,106.7358926,3.72,low_demand,low_supply,1.675,1.6363636363636365,109.937969378,94.02011479652793,94.02011479652793
100,16,Rural,Gold,96,3.65,Night,Premium,163,560.6703257,6.25,high_demand,low_supply,1.2345679012345678,1.4545454545454546,594.8151485351301,595.9835423130697,595.9835423130697
79,7,Rural,Silver,31,4.82,Night,Economy,100,322.9000695,11.29,low_demand,low_supply,1.975,0.6363636363636364,376.82115210580497,358.0220737385197,358.0220737385197
99,9,Rural,Silver,33,4.98,Afternoon,Economy,110,292.3393609,11.0,high_demand,low_supply,1.2222222222222223,0.8181818181818182,331.22049589970004,401.64741797630865,401.64741797630865
34,24,Urban,Silver,3,4.41,Morning,Economy,97,242.751717,1.42,low_demand,low_supply,0.85,2.1818181818181817,250.03426851000003,372.48783201596336,372.4878320159633
54,21,Urban,Silver,23,4.44,Evening,Premium,136,442.7796306,2.57,low_demand,low_supply,1.35,1.9090909090909092,469.74491010354006,503.8587209966424,503.8587209966423
77,43,Suburban,Regular,73,4.07,Afternoon,Premium,131,505.5467165,1.79,low_demand,high_supply,1.925,1.131578947368421,536.3345115348501,473.4175974630252,473.4175974630251
80,21,Urban,Regular,85,4.21,Morning,Premium,146,474.9171618,3.81,low_demand,low_supply,2.0,1.9090909090909092,503.83961695362,533.8772426463813,533.8772426463812
74,54,Urban,Regular,16,4.35,Afternoon,Premium,147,617.4346784,1.37,low_demand,high_supply,1.85,1.4210526315789473,655.0364503145602,533.7326606103746,533.7326606103746
57,38,Urban,Regular,31,3.97,Morning,Premium,64,294.8553699,1.5,low_demand,low_supply,1.425,3.4545454545454546,303.70103099700003,263.5252410221367,263.5252410221367
97,66,Urban,Silver,90,3.6,Evening,Premium,150,717.467322,1.47,high_demand,high_supply,1.1975308641975309,1.736842105263158,738.99134166,553.047146262443,553.047146262443
52,14,Suburban,Gold,97,4.83,Evening,Premium,66,266.977217,3.71,low_demand,low_supply,1.3,1.2727272727272727,283.23612951530004,249.54090681418836,249.54090681418836
51,37,Rural,Regular,34,4.64,Afternoon,Economy,100,383.3711771,1.38,low_demand,low_supply,1.275,3.3636363636363638,394.87231241300003,391.54982698521525,391.5498269852152
87,52,Urban,Gold,15,3.57,Night,Economy,66,266.4336179,1.67,high_demand,high_supply,1.0740740740740742,1.368421052631579,274.426626437,252.40585685537823,252.4058568553782
91,42,Suburban,Silver,76,4.96,Morning,Economy,86,336.3943924,2.17,high_demand,high_supply,1.123456790123457,1.105263157894737,346.48622417200005,320.26117651402456,320.2611765140246
85,34,Rural,Regular,66,4.59,Morning,Premium,163,764.8593556,2.5,high_demand,low_supply,1.0493827160493827,3.090909090909091,811.4392903560399,614.1311599444782,614.1311599444782
57,21,Rural,Silver,28,4.93,Night,Economy,141,588.6941798,2.71,low_demand,low_supply,1.425,1.9090909090909092,624.54565534982,520.9643511649047,520.9643511649045
28,8,Urban,Regular,67,3.78,Afternoon,Premium,58,305.2426677,3.5,low_demand,low_supply,0.7,0.7272727272727273,314.39994773100005,220.66534386724373,220.66534386724373
58,30,Urban,Regular,32,4.14,Night,Economy,75,256.3738037,1.93,low_demand,low_supply,1.45,2.727272727272727,271.98696834533,294.95614913522786,294.95614913522786
31,9,Rural,Gold,18,4.42,Morning,Premium,114,461.0193486,3.44,low_demand,low_supply,0.775,0.8181818181818182,489.09542692974,419.5852225787352,419.5852225787352
27,11,Suburban,Gold,88,4.5,Evening,Premium,144,581.7472844,2.45,low_demand,low_supply,0.675,1.0,617.17569401996,528.6748774161188,528.6748774161188
90,75,Urban,Gold,88,4.1,Afternoon,Economy,106,472.5465909,1.2,high_demand,high_supply,1.1111111111111112,1.9736842105263157,486.722988627,400.10972851987117,400.1097285198711
54,8,Suburban,Regular,41,3.89,Morning,Economy,168,573.4835718,6.75,low_demand,low_supply,1.35,0.7272727272727273,630.8319289800002,605.3746849425829,605.3746849425829
23,9,Suburban,Silver,50,3.84,Evening,Premium,34,192.3850222,2.56,low_demand,low_supply,0.575,0.8181818181818182,198.156572866,137.50966251296921,137.50966251296927
94,64,Urban,Regular,62,4.87,Night,Economy,166,744.0359811,1.47,high_demand,high_supply,1.1604938271604939,1.6842105263157894,789.34777234899,609.5745012909181,609.574501290918
86,20,Suburban,Silver,51,3.75,Morning,Premium,110,412.2574631,4.3,high_demand,low_supply,1.0617283950617284,1.8181818181818181,424.625186993,413.13447233046594,413.13447233046594
79,55,Suburban,Regular,91,4.39,Morning,Economy,48,189.560565,1.44,low_demand,high_supply,1.975,1.4473684210526316,195.24738195,181.80743936517374,181.80743936517374
73,13,Urban,Regular,93,3.95,Night,Economy,90,357.0434722,5.62,low_demand,low_supply,1.825,1.1818181818181819,367.754776366,329.34239721903447,329.3423972190345
74,23,Urban,Regular,45,4.07,Morning,Premium,99,417.1740954,3.22,low_demand,low_supply,1.85,2.090909090909091,442.57999780986006,370.2742403947312,370.2742403947312
26,11,Urban,Gold,10,4.22,Morning,Premium,69,314.8447103,2.36,low_demand,low_supply,0.65,1.0,334.01875315727,262.8663997812579,262.8663997812579
99,30,Urban,Regular,74,4.21,Morning,Premium,160,629.9546011,3.3,high_demand,low_supply,1.2222222222222223,2.727272727272727,668.31883630699,598.3533710487459,598.3533710487459
80,42,Urban,Gold,85,4.22,Night,Economy,131,473.561754,1.9,low_demand,high_supply,2.0,1.105263157894737,502.4016648186,472.52181200216774,472.5218120021677
78,35,Rural,Regular,5,4.35,Evening,Premium,100,317.8809578,2.23,low_demand,low_supply,1.95,3.1818181818181817,337.23990813002,384.04576848570844,384.04576848570844
63,6,Urban,Gold,29,4.79,Evening,Premium,24,132.4992195,10.5,low_demand,low_supply,1.575,0.5454545454545454,154.62526416430504,90.88931128831868,90.88931128831877
25,8,Rural,Regular,30,4.44,Night,Economy,115,430.785851,3.12,low_demand,low_supply,0.625,0.7272727272727273,457.0207093259,423.4680217428537,423.4680217428537
100,50,Urban,Regular,20,4.14,Evening,Economy,127,350.2265836,2.0,high_demand,high_supply,1.2345679012345678,1.3157894736842106,360.73338110800006,466.88769003306305,466.887690033063
46,8,Urban,Silver,32,4.81,Afternoon,Economy,112,466.4274793,5.75,low_demand,low_supply,1.15,0.7272727272727273,480.420303679,408.424921538961,408.4249215389609
59,29,Urban,Regular,90,4.3,Night,Economy,145,651.730389,2.03,low_demand,low_supply,1.475,2.6363636363636362,691.4207696901,542.1081551626356,542.1081551626355
21,11,Rural,Gold,18,4.2,Morning,Premium,49,266.3480732,1.91,low_demand,low_supply,0.525,1.0,282.56867085788,192.9764205678342,192.97642056783423
64,7,Rural,Silver,48,4.67,Evening,Economy,64,266.3853768,9.14,low_demand,low_supply,1.6,0.6363636363636364,301.8146319144,233.4779327603927,233.47793276039275
52,22,Suburban,Gold,72,3.6,Morning,Premium,101,303.8032264,2.36,low_demand,low_supply,1.3,2.0,312.917323192,381.05813870253405,381.058138702534
100,56,Suburban,Silver,67,4.2,Evening,Economy,169,461.9661914,1.79,high_demand,high_supply,1.2345679012345678,1.4736842105263157,475.82517714200003,617.4590821388529,617.4590821388528
83,72,Rural,Regular,25,4.62,Night,Premium,45,201.0575406,1.15,high_demand,high_supply,1.0246913580246915,1.894736842105263,219.70100316721624,183.67237558087191,183.67237558087191
89,10,Rural,Silver,36,4.12,Afternoon,Premium,13,94.21444739,8.9,high_demand,low_supply,1.0987654320987654,0.9090909090909091,99.952107236051,59.55449788984357,59.55449788984356
100,37,Rural,Silver,47,4.7,Afternoon,Economy,142,546.8574477,2.7,high_demand,low_supply,1.2345679012345678,3.3636363636363638,563.263171131,540.8590135933309,540.8590135933307
71,7,Urban,Gold,31,4.83,Morning,Premium,60,292.7468301,10.14,low_demand,low_supply,1.775,0.6363636363636364,341.63262325839906,217.82284144299376,217.82284144299382
94,26,Suburban,Regular,0,3.94,Afternoon,Premium,40,150.9060377,3.62,high_demand,low_supply,1.1604938271604939,2.3636363636363638,155.433218831,169.5542872534298,169.5542872534298
52,23,Urban,Regular,41,4.23,Evening,Economy,134,534.9066334,2.26,low_demand,low_supply,1.3,2.090909090909091,550.9538324020001,499.0280397491553,499.02803974915525
27,15,Urban,Silver,31,4.95,Afternoon,Economy,103,315.265403,1.8,low_demand,low_supply,0.675,1.3636363636363635,308.48719683549996,386.9393639963155,386.9393639963155
88,62,Urban,Regular,62,4.82,Afternoon,Economy,162,601.2360266,1.42,high_demand,high_supply,1.0864197530864197,1.631578947368421,619.273107398,595.4742656703311,595.4742656703311
48,38,Suburban,Silver,64,4.97,Night,Premium,152,701.469573,1.26,low_demand,low_supply,1.2,3.4545454545454546,766.514742095571,577.5398945257183,577.5398945257183
53,35,Suburban,Regular,1,3.67,Morning,Premium,88,392.0078846,1.51,low_demand,low_supply,1.325,3.1818181818181817,403.768121138,346.72379351311827,346.7237935131182
31,12,Suburban,Gold,34,4.7,Night,Economy,105,331.8375249,2.58,low_demand,low_supply,0.775,1.0909090909090908,352.04643016641,390.4288407389508,390.4288407389508
56,34,Suburban,Silver,1,4.56,Afternoon,Economy,121,307.5259291,1.65,low_demand,low_supply,1.4,3.090909090909091,316.751706973,462.22092248437536,462.22092248437525
48,35,Rural,Gold,47,4.26,Morning,Economy,26,68.271745,1.37,low_demand,low_supply,1.2,3.1818181818181817,70.31989734999999,127.86367014094247,127.86367014094247
93,66,Suburban,Silver,22,3.91,Night,Economy,180,765.4397486,1.41,high_demand,high_supply,1.1481481481481481,1.736842105263158,788.402941058,659.8684897382007,659.8684897382007
49,18,Rural,Silver,62,4.92,Afternoon,Economy,62,168.3662892,2.72,low_demand,low_supply,1.225,1.6363636363636365,173.417277876,239.66990738487496,239.66990738487496
72,33,Rural,Gold,63,4.25,Evening,Economy,132,351.773619,2.18,low_demand,low_supply,1.8,3.0,362.32682757,496.9607910355898,496.96079103558975
62,11,Suburban,Gold,37,4.23,Morning,Premium,71,363.345753,5.64,low_demand,low_supply,1.55,1.0,385.47350935770004,262.41328653355606,262.41328653355606
39,15,Suburban,Regular,53,4.6,Evening,Premium,38,201.7146763,2.6,low_demand,low_supply,0.975,1.3636363636363635,213.99910008667,153.87468815760403,153.87468815760406
67,56,Urban,Gold,49,4.22,Afternoon,Premium,23,121.439999,1.2,low_demand,high_supply,1.675,1.4736842105263157,128.8356949391,95.91725237868454,95.91725237868457
88,15,Urban,Regular,39,4.51,Afternoon,Economy,137,598.7750233,5.87,high_demand,low_supply,1.0864197530864197,1.3636363636363635,616.7382739990001,504.0842915704733,504.08429157047317
29,16,Urban,Silver,75,4.11,Morning,Premium,80,371.1242881,1.81,low_demand,low_supply,0.725,1.4545454545454546,374.0394693830255,305.86313229592207,305.86313229592207
100,24,Urban,Silver,88,4.49,Night,Economy,56,173.6669675,4.17,high_demand,low_supply,1.2345679012345678,2.1818181818181817,184.24328582075,223.8398106170631,223.8398106170631
98,43,Suburban,Gold,62,4.98,Morning,Economy,130,538.518528,2.28,high_demand,high_supply,1.2098765432098766,1.131578947368421,554.67408384,475.86734083499255,475.86734083499255
35,10,Rural,Gold,40,3.54,Night,Economy,75,281.962567,3.5,low_demand,low_supply,0.875,0.9090909090909091,290.42144400999996,281.33918590156725,281.33918590156725
58,14,Rural,Gold,10,3.77,Morning,Economy,95,258.0144597,4.14,low_demand,low_supply,1.45,1.2727272727272727,258.0144597,351.1434228415768,351.1434228415768
22,7,Urban,Gold,53,4.43,Morning,Premium,98,476.2019962,3.14,low_demand,low_supply,0.55,0.6363636363636364,505.20269776858004,362.87756260734625,362.87756260734625
84,37,Suburban,Regular,94,3.83,Night,Economy,28,124.6455032,2.27,high_demand,low_supply,1.037037037037037,3.3636363636363638,128.384868296,138.16787004045688,138.1678700404569
91,14,Suburban,Silver,19,4.78,Night,Premium,19,111.1127149,6.5,high_demand,low_supply,1.123456790123457,1.2727272727272727,121.41586361453231,84.31662077603357,84.31662077603363
56,29,Urban,Gold,67,4.49,Afternoon,Economy,125,421.8171879,1.93,low_demand,low_supply,1.4,2.6363636363636362,434.47170353700005,471.79890208053337,471.7989020805333
97,21,Rural,Regular,36,3.72,Evening,Premium,23,134.0510145,4.62,high_demand,low_supply,1.1975308641975309,1.9090909090909092,138.07254493500002,104.33662153415361,104.33662153415361
57,47,Urban,Gold,26,3.8,Morning,Economy,30,132.4032477,1.21,low_demand,high_supply,1.425,1.236842105263158,132.4032477,120.4401071613128,120.44010716131285
94,27,Suburban,Silver,100,3.6,Night,Premium,172,547.9814624,3.48,high_demand,low_supply,1.1604938271604939,2.4545454545454546,581.3535334601601,638.6680995313953,638.6680995313952
84,6,Suburban,Gold,24,3.74,Morning,Economy,68,281.9682458,14.0,high_demand,low_supply,1.037037037037037,0.5454545454545454,281.9682458,251.4643480893279,251.46434808932793
40,11,Rural,Silver,1,4.24,Night,Premium,35,182.4663214,3.64,low_demand,low_supply,1.0,1.0,199.3858759844578,139.33660409580398,139.336604095804
65,36,Suburban,Silver,20,4.39,Night,Premium,87,313.7742266,1.81,low_demand,low_supply,1.625,3.272727272727273,342.8695693099382,341.5831727429642,341.58317274296417
35,22,Urban,Silver,28,4.88,Afternoon,Premium,116,422.886661,1.59,low_demand,low_supply,0.875,2.0,448.64045865490004,437.82558950014175,437.82558950014163
40,30,Urban,Regular,67,4.03,Evening,Premium,143,529.6967147,1.33,low_demand,low_supply,1.0,2.727272727272727,561.9552446252301,539.919371162743,539.9193711627429
61,45,Urban,Silver,6,4.99,Evening,Economy,10,25.99344945,1.36,low_demand,high_supply,1.525,1.1842105263157894,26.7732529335,48.129646223156435,48.1296462231565
50,14,Urban,Gold,98,3.52,Night,Premium,109,351.5699575,3.57,low_demand,low_supply,1.25,1.2727272727272727,372.98056791175003,402.47723303587503,402.477233035875
98,25,Suburban,Silver,30,4.76,Afternoon,Economy,60,154.6871597,3.92,high_demand,low_supply,1.2098765432098766,2.272727272727273,159.32777449099999,239.15642285429908,239.15642285429908
54,37,Suburban,Regular,41,4.69,Afternoon,Premium,16,106.5920823,1.46,low_demand,low_supply,1.35,3.3636363636363638,113.08354011207,92.98062786469322,92.98062786469319
37,13,Rural,Regular,31,4.66,Afternoon,Economy,35,132.1665679,2.85,low_demand,low_supply,0.925,1.1818181818181819,136.13156493699998,141.80937617116817,141.80937617116822
78,41,Urban,Silver,12,4.99,Afternoon,Economy,22,76.22496122,1.9,low_demand,high_supply,1.95,1.0789473684210527,78.5117100566,86.06121803910239,86.06121803910241
84,21,Rural,Gold,88,3.5,Afternoon,Economy,146,598.94004,4.0,high_demand,low_supply,1.037037037037037,1.9090909090909092,598.94004,541.952146783894,541.952146783894
44,32,Suburban,Silver,51,4.2,Afternoon,Premium,168,563.1508996,1.38,low_demand,low_supply,1.1,2.909090909090909,597.44678938564,629.5973895541323,629.5973895541323
25,11,Urban,Silver,92,3.91,Night,Economy,115,310.1546163,2.27,low_demand,low_supply,0.625,1.0,319.459254789,426.2338136513733,426.2338136513732
38,13,Urban,Gold,38,4.46,Evening,Premium,28,145.1375686,2.92,low_demand,low_supply,0.95,1.1818181818181819,153.97644652774002,116.7713818770369,116.77138187703696
85,25,Urban,Silver,21,4.03,Morning,Economy,73,323.5576858,3.4,high_demand,low_supply,1.0493827160493827,2.272727272727273,333.264416374,286.61204673587923,286.61204673587923
31,13,Suburban,Gold,87,4.04,Evening,Economy,11,31.56567616,2.38,low_demand,low_supply,0.775,1.1818181818181819,30.887014122559997,57.94140111505977,57.94140111505982
67,6,Rural,Regular,25,4.45,Evening,Premium,31,144.4626376,11.17,low_demand,low_supply,1.675,0.5454545454545454,168.586453452824,114.8791209107536,114.87912091075364
77,11,Rural,Silver,70,3.82,Night,Premium,63,252.4930471,7.0,low_demand,low_supply,1.925,1.0,267.86987366839,230.89346696441896,230.89346696441896
32,11,Suburban,Silver,30,3.53,Afternoon,Premium,32,146.5127744,2.91,low_demand,low_supply,0.8,1.0,150.908157632,130.37297498775015,130.37297498775018
71,30,Rural,Regular,60,4.83,Evening,Premium,156,501.80135,2.37,low_demand,low_supply,1.775,2.727272727272727,532.361052215,579.5304327235535,579.5304327235535
65,38,Urban,Regular,13,4.77,Morning,Premium,132,610.7325515,1.71,low_demand,low_supply,1.625,3.4545454545454546,647.92616388635,503.0379027568307,503.0379027568306
64,29,Urban,Silver,66,3.79,Night,Premium,37,194.2623994,2.21,low_demand,low_supply,1.6,2.6363636363636362,206.09297952346,157.99388551129096,157.99388551129096
48,38,Urban,Silver,45,4.17,Afternoon,Economy,87,318.210126,1.26,low_demand,low_supply,1.2,3.4545454545454546,327.75642978,346.99086189907825,346.99086189907814
76,42,Rural,Gold,95,3.93,Morning,Economy,180,512.6251102,1.81,low_demand,high_supply,1.9,1.105263157894737,512.6251102,647.1588612580689,647.1588612580688
76,53,Urban,Regular,77,3.67,Afternoon,Premium,179,555.8919188,1.43,low_demand,high_supply,1.9,1.394736842105263,572.568676364,646.5475743000487,646.5475743000486
71,14,Suburban,Silver,8,4.44,Night,Economy,76,242.1588608,5.07,low_demand,low_supply,1.775,1.2727272727272727,256.90633542272,281.0268870043022,281.0268870043022
76,9,Urban,Silver,64,4.16,Evening,Economy,10,41.40499128,8.44,low_demand,low_supply,1.9,0.8181818181818182,46.91185512024,41.27310833084368,41.27310833084374
51,14,Rural,Gold,16,3.51,Night,Premium,30,180.8865537,3.64,low_demand,low_supply,1.275,1.2727272727272727,191.90254482033,122.06184875531154,122.06184875531159
88,38,Rural,Gold,29,3.73,Evening,Premium,167,537.8971059,2.32,high_demand,low_supply,1.0864197530864197,3.4545454545454546,554.034019077,631.6959420301368,631.6959420301367
60,24,Rural,Gold,5,3.79,Afternoon,Premium,154,556.6629286,2.5,low_demand,low_supply,1.5,2.1818181818181817,573.362816458,569.2110387957345,569.2110387957343
73,55,Rural,Regular,55,4.2,Afternoon,Economy,52,158.5563431,1.33,low_demand,high_supply,1.825,1.4473684210526316,163.31303339299998,197.25289374823336,197.2528937482334
23,10,Urban,Silver,80,3.88,Afternoon,Economy,22,59.4454065,2.3,low_demand,low_supply,0.575,0.9090909090909091,59.4454065,95.8686948180704,95.86869481807042
74,27,Suburban,Silver,51,3.75,Morning,Premium,111,334.1449975,2.74,low_demand,low_supply,1.85,2.4545454545454546,344.169347425,416.52486127049605,416.524861270496
49,6,Suburban,Gold,18,4.41,Night,Premium,148,443.7750198,8.17,low_demand,low_supply,1.225,0.5454545454545454,533.4174406670941,533.6408444568128,533.6408444568128
31,8,Rural,Gold,7,3.57,Night,Economy,35,145.2420374,3.88,low_demand,low_supply,0.775,0.7272727272727273,149.599298522,138.45754459633784,138.4575445963379
57,46,Rural,Regular,42,4.39,Morning,Economy,56,210.6317666,1.24,low_demand,high_supply,1.425,1.2105263157894737,216.950719598,212.39284555412925,212.39284555412928
64,19,Suburban,Regular,35,4.02,Afternoon,Economy,39,152.2291926,3.37,low_demand,low_supply,1.6,1.7272727272727273,156.796068378,155.868395538071,155.868395538071
86,76,Suburban,Regular,84,4.99,Night,Economy,149,612.4467268,1.13,high_demand,high_supply,1.0617283950617284,2.0,649.7447324621199,553.3077531787965,553.3077531787965
54,28,Suburban,Regular,73,3.56,Morning,Premium,51,250.2858824,1.93,low_demand,low_supply,1.35,2.5454545454545454,257.794458872,208.82503893809454,208.82503893809454
85,37,Rural,Gold,10,3.76,Night,Premium,61,309.0825447,2.3,high_demand,low_supply,1.0493827160493827,3.3636363636363638,327.90567167223,255.11231603888558,255.11231603888552
58,15,Rural,Regular,14,4.76,Night,Premium,12,94.1609177,3.87,low_demand,low_supply,1.45,1.3636363636363635,102.8921771155679,57.67197335450179,57.6719733545018
96,27,Rural,Gold,21,4.37,Night,Premium,57,243.9373065,3.56,high_demand,low_supply,1.1851851851851851,2.4545454545454546,266.5568811198255,230.56660836791627,230.56660836791625
58,31,Suburban,Silver,32,4.87,Evening,Premium,85,331.1930539,1.87,low_demand,low_supply,1.45,2.8181818181818183,351.36271088251,331.3471617139611,331.3471617139611
77,45,Suburban,Silver,88,4.16,Morning,Economy,151,595.2312212,1.71,low_demand,high_supply,1.925,1.1842105263157894,613.088157836,544.8895106638245,544.8895106638244
93,73,Rural,Regular,78,3.81,Night,Premium,106,465.9626816,1.27,high_demand,high_supply,1.1481481481481481,1.9210526315789473,494.33980890943997,399.2654059681338,399.26540596813373
44,11,Rural,Regular,56,3.83,Afternoon,Premium,18,104.7520101,4.0,low_demand,low_supply,1.1,1.0,107.894570403,78.20061705609484,78.20061705609487
20,10,Rural,Regular,54,4.12,Morning,Premium,168,784.055126,2.0,low_demand,low_supply,0.5,0.9090909090909091,831.8040831734,614.3462019824645,614.3462019824645
70,40,Suburban,Regular,9,3.77,Evening,Economy,130,382.9299379,1.75,low_demand,high_supply,1.75,1.0526315789473684,382.9299379,470.5375238356252,470.5375238356252
42,12,Rural,Gold,92,4.5,Afternoon,Economy,123,319.2967131,3.5,low_demand,low_supply,1.05,1.0909090909090908,328.875614493,451.9671819578268,451.9671819578268
87,33,Rural,Regular,53,4.15,Evening,Economy,143,640.1373391,2.64,high_demand,low_supply,1.0740740740740742,3.0,659.3414592729999,542.0640165991462,542.0640165991462
70,43,Suburban,Gold,47,4.31,Morning,Economy,57,243.4933854,1.63,low_demand,high_supply,1.75,1.131578947368421,250.798186962,212.41384962845586,212.4138496284559
61,15,Urban,Gold,29,4.49,Afternoon,Economy,32,135.0058741,4.07,low_demand,low_supply,1.525,1.3636363636363635,139.056050323,127.98122643660402,127.98122643660403
71,36,Suburban,Silver,69,4.37,Morning,Economy,110,392.9639433,1.97,low_demand,low_supply,1.775,3.272727272727273,404.75286159899997,421.9042396048166,421.90423960481655
81,33,Suburban,Regular,41,4.93,Afternoon,Premium,162,617.2885001,2.45,low_demand,low_supply,2.025,3.0,654.8813697560901,601.4813044542163,601.4813044542163
87,64,Rural,Silver,69,4.55,Evening,Premium,65,310.7883995,1.36,high_demand,high_supply,1.0740740740740742,1.6842105263157894,329.71541302955006,252.0614445551975,252.0614445551975
85,65,Suburban,Regular,73,4.65,Afternoon,Premium,165,770.0708908,1.31,high_demand,high_supply,1.0493827160493827,1.7105263157894737,816.9682080497201,607.2261874626762,607.2261874626761
91,65,Urban,Regular,40,3.58,Evening,Economy,141,373.5047076,1.4,high_demand,high_supply,1.123456790123457,1.7105263157894737,373.5047076,521.4792443284158,521.4792443284157
83,57,Rural,Silver,80,4.6,Night,Premium,172,814.4195559,1.46,high_demand,high_supply,1.0246913580246915,1.5,889.9382380599394,630.1265963837901,630.12659638379
64,10,Suburban,Gold,75,3.61,Morning,Premium,155,473.3466933,6.4,low_demand,low_supply,1.6,0.9090909090909091,487.54709409900005,559.0123703462085,559.0123703462084
69,22,Rural,Silver,25,4.41,Night,Premium,74,266.7677789,3.14,low_demand,low_supply,1.725,2.0,291.5043547340603,281.7277895738543,281.7277895738543
37,12,Rural,Silver,15,3.73,Evening,Economy,142,369.3616589,3.08,low_demand,low_supply,0.925,1.0909090909090908,369.3616589,520.4066223203872,520.4066223203872
93,28,Urban,Silver,63,3.9,Evening,Economy,38,111.7239412,3.32,high_demand,low_supply,1.1481481481481481,2.5454545454545454,111.7239412,164.4078565492836,164.4078565492836
66,49,Rural,Gold,42,4.56,Afternoon,Economy,124,429.9483561,1.35,low_demand,high_supply,1.65,1.2894736842105263,442.84680678300003,452.49649432800277,452.49649432800277
47,36,Rural,Silver,100,4.2,Morning,Economy,103,414.7783003,1.31,low_demand,low_supply,1.175,3.272727272727273,427.22164930900004,402.10716866916715,402.1071686691671
71,30,Rural,Regular,45,4.16,Evening,Premium,53,227.18257,2.37,low_demand,low_supply,1.775,2.727272727272727,241.017988513,214.1988887151853,214.1988887151853
58,19,Urban,Silver,47,3.97,Evening,Economy,77,247.4420018,3.05,low_demand,low_supply,1.45,1.7272727272727273,247.4420018,291.90872852583476,291.9087285258347
100,18,Suburban,Silver,50,4.89,Morning,Premium,51,213.8232969,5.56,high_demand,low_supply,1.2345679012345678,1.6363636363636365,226.84513568121002,200.57368582874392,200.57368582874392
94,28,Urban,Regular,59,4.45,Night,Economy,173,652.587891,3.36,high_demand,low_supply,1.1604938271604939,2.5454545454545454,692.3304935619,643.1369383618245,643.1369383618244
49,6,Rural,Silver,23,4.65,Night,Premium,69,289.6463054,8.17,low_demand,low_supply,1.225,0.5454545454545454,348.1547721969085,253.43509711058863,253.43509711058866
42,7,Rural,Gold,90,3.67,Evening,Economy,32,123.7624693,6.0,low_demand,low_supply,1.05,0.6363636363636364,123.7624693,124.58888309966463,124.58888309966466
79,63,Urban,Gold,56,4.66,Evening,Premium,70,292.5906289,1.25,low_demand,high_supply,1.975,1.6578947368421053,310.40939820001006,261.97441690152266,261.97441690152266
59,5,Rural,Gold,17,4.97,Evening,Premium,143,440.9395108,11.8,low_demand,low_supply,1.475,0.45454545454545453,514.5719997084921,512.8880035059669,512.8880035059668
54,7,Urban,Regular,91,3.75,Night,Economy,97,298.3226184,7.71,low_demand,low_supply,1.35,0.6363636363636364,337.9995266472,352.62227251423354,352.62227251423354
60,6,Rural,Silver,65,4.76,Morning,Economy,168,629.2044296,10.0,low_demand,low_supply,1.5,0.5454545454545454,712.8886187368001,602.2730020642009,602.2730020642009
26,13,Suburban,Silver,4,3.63,Night,Premium,123,441.9961924,2.0,low_demand,low_supply,0.65,1.1818181818181819,445.46807249130194,456.2433035434284,456.2433035434284
90,10,Rural,Silver,59,4.44,Morning,Premium,147,691.5012906,9.0,high_demand,low_supply,1.1111111111111112,0.9090909090909091,733.61371919754,534.7366715081284,534.7366715081284
34,12,Suburban,Silver,38,4.18,Afternoon,Economy,24,106.9485906,2.83,low_demand,low_supply,0.85,1.0909090909090908,110.15704831800001,102.50036620119678,102.50036620119681
80,34,Suburban,Silver,84,3.8,Night,Economy,174,561.438522,2.35,low_demand,low_supply,2.0,3.090909090909091,578.28167766,645.175770355801,645.1757703558008
21,7,Rural,Regular,58,4.31,Morning,Premium,75,328.4583569,3.0,low_demand,low_supply,0.525,0.6363636363636364,348.46147083521004,281.5083110737975,281.5083110737975
97,71,Suburban,Silver,52,4.32,Evening,Economy,36,133.3873831,1.37,high_demand,high_supply,1.1975308641975309,1.868421052631579,137.389004593,150.0339854064568,150.0339854064568
64,7,Suburban,Regular,92,4.58,Evening,Premium,16,114.6992021,9.14,low_demand,low_supply,1.6,0.6363636363636364,133.85282185867902,63.22633943610458,63.22633943610464
47,34,Rural,Gold,16,4.38,Evening,Premium,46,237.143389,1.38,low_demand,low_supply,1.175,3.090909090909091,251.5854213901,198.0895403242286,198.08954032422855
44,28,Rural,Gold,30,3.93,Evening,Premium,42,157.1065717,1.57,low_demand,low_supply,1.1,2.5454545454545454,161.819768851,178.99923453318326,178.99923453318326
21,9,Suburban,Gold,13,4.01,Evening,Economy,127,431.2515977,2.33,low_demand,low_supply,0.525,0.8181818181818182,444.189145631,467.791398447456,467.791398447456
57,37,Urban,Gold,59,3.92,Evening,Economy,159,585.8075882,1.54,low_demand,low_supply,1.425,3.3636363636363638,585.8075882,599.5595888402838,599.5595888402836
62,5,Rural,Silver,51,4.4,Afternoon,Economy,160,647.2043749,12.4,low_demand,low_supply,1.55,0.45454545454545453,733.2825567617001,572.556532005301,572.556532005301
25,6,Urban,Gold,60,3.91,Evening,Premium,145,559.5788398,4.17,low_demand,low_supply,0.625,0.5454545454545454,576.366204994,528.0314062981873,528.0314062981873
92,33,Suburban,Silver,70,3.69,Evening,Premium,46,173.1505323,2.79,high_demand,low_supply,1.1358024691358024,3.0,178.34504826900002,197.496299696217,197.49629969621694
38,7,Rural,Gold,46,3.79,Night,Economy,78,198.1704675,5.43,low_demand,low_supply,0.95,0.6363636363636364,204.115581525,288.58520777279784,288.58520777279784
99,31,Urban,Silver,0,3.54,Morning,Economy,50,192.7088692,3.19,high_demand,low_supply,1.2222222222222223,2.8181818181818183,192.7088692,209.11540031675884,209.11540031675884
35,7,Rural,Regular,65,4.19,Night,Economy,65,165.0758242,5.0,low_demand,low_supply,0.875,0.6363636363636364,175.12894189378002,243.1043120504876,243.10431205048764
30,13,Urban,Gold,53,3.68,Night,Premium,124,379.4680329,2.31,low_demand,low_supply,0.75,1.1818181818181819,382.4487542984295,458.9516640003273,458.9516640003273
28,6,Urban,Gold,53,4.48,Night,Premium,148,461.1095538,4.67,low_demand,low_supply,0.7,0.5454545454545454,503.86685939521266,538.0432200779376,538.0432200779375
59,47,Rural,Silver,73,3.54,Night,Economy,75,234.5672446,1.26,low_demand,high_supply,1.475,1.236842105263158,241.604261938,279.6317020341544,279.6317020341544
24,13,Urban,Silver,50,4.26,Night,Premium,141,540.0620307,1.85,low_demand,low_supply,0.6,1.1818181818181819,560.633344489683,520.5069249087151,520.506924908715
21,6,Suburban,Regular,15,3.81,Evening,Premium,80,318.8415033,3.5,low_demand,low_supply,0.525,0.5454545454545454,328.406748399,298.32092140890427,298.3209214089043
84,54,Suburban,Silver,59,4.98,Afternoon,Premium,43,196.3151415,1.56,high_demand,high_supply,1.037037037037037,1.4210526315789473,208.27073361735,171.67129093922756,171.6712909392276
100,50,Urban,Silver,83,4.91,Morning,Premium,173,622.4914304,2.0,high_demand,high_supply,1.2345679012345678,1.3157894736842106,660.4011585113601,630.0454669688392,630.045466968839
30,11,Urban,Silver,99,4.96,Evening,Economy,83,349.6745279,2.73,low_demand,low_supply,0.75,1.0,360.164763737,311.68456676348484,311.68456676348484
45,35,Rural,Regular,0,4.58,Afternoon,Premium,41,206.1473319,1.29,low_demand,low_supply,1.125,3.1818181818181817,218.70170441271003,181.69620385780036,181.69620385780033
53,35,Urban,Gold,35,3.92,Afternoon,Premium,166,635.9330545,1.51,low_demand,low_supply,1.325,3.1818181818181817,655.011046135,623.3826326650865,623.3826326650864
65,41,Rural,Gold,51,3.57,Night,Premium,48,251.1121418,1.59,low_demand,high_supply,1.625,1.0789473684210527,266.40487123562,181.00611123616903,181.00611123616903
93,6,Rural,Silver,85,4.47,Night,Economy,107,324.0987674,15.5,high_demand,low_supply,1.1481481481481481,0.5454545454545454,343.83638233465996,388.86204795713746,388.8620479571374
28,5,Rural,Regular,69,4.49,Morning,Premium,132,425.4887348,5.6,low_demand,low_supply,0.7,0.45454545454545453,451.40099874932,480.37075833366833,480.3707583336683
38,8,Urban,Silver,78,3.57,Night,Economy,114,470.2690237,4.75,low_demand,low_supply,0.95,0.7272727272727273,484.37709441100003,417.19583340218713,417.19583340218713
25,6,Urban,Regular,69,4.45,Evening,Premium,94,398.051726,4.17,low_demand,low_supply,0.625,0.5454545454545454,422.2930761134,347.1390883911312,347.1390883911312
76,23,Rural,Regular,64,3.57,Night,Premium,115,564.931725,3.3,low_demand,low_supply,1.9,2.090909090909091,599.3360670525001,426.60549763414866,426.60549763414866
22,7,Suburban,Gold,73,4.91,Morning,Premium,73,238.3189915,3.14,low_demand,low_supply,0.55,0.6363636363636364,252.83261808235002,274.2048577509462,274.2048577509462
40,5,Rural,Silver,17,4.55,Afternoon,Economy,72,184.9552256,8.0,low_demand,low_supply,1.0,0.45454545454545453,190.503882368,265.04062346623687,265.0406234662369
89,16,Suburban,Regular,27,4.86,Afternoon,Economy,161,624.305616,5.56,high_demand,low_supply,1.0987654320987654,1.4545454545454546,643.03478448,590.0284944567711,590.028494456771
31,21,Suburban,Silver,77,4.83,Afternoon,Economy,107,389.3845083,1.48,low_demand,low_supply,0.775,1.9090909090909092,381.01274137154996,405.8200328530216,405.82003285302153
92,45,Rural,Silver,59,4.23,Morning,Premium,121,574.8939389,2.04,high_demand,high_supply,1.1358024691358024,1.1842105263157894,609.90497977901,445.10006287448414,445.1000628744841
58,32,Urban,Gold,92,4.59,Afternoon,Premium,111,517.944462,1.81,low_demand,low_supply,1.45,2.909090909090909,549.4872797358,424.4887054007904,424.4887054007903
58,20,Rural,Silver,42,3.51,Evening,Economy,125,527.1792012,2.9,low_demand,low_supply,1.45,1.8181818181818181,527.1792012,463.08225248629606,463.082252486296
36,7,Suburban,Regular,26,4.35,Morning,Economy,59,201.4968308,5.14,low_demand,low_supply,0.9,0.6363636363636364,207.541735724,221.61322595061233,221.61322595061236
66,40,Rural,Regular,93,4.86,Evening,Economy,153,627.016751,1.65,low_demand,high_supply,1.65,1.0526315789473684,645.82725353,552.9549600408703,552.9549600408703
76,54,Urban,Regular,58,4.05,Evening,Economy,74,218.6251779,1.41,low_demand,high_supply,1.9,1.4210526315789473,225.18393323700002,274.389088561008,274.389088561008
55,23,Urban,Gold,46,4.58,Afternoon,Premium,150,654.6765363,2.39,low_demand,low_supply,1.375,2.090909090909091,694.54633736067,555.1496600542335,555.1496600542334
21,8,Urban,Regular,57,4.78,Night,Premium,84,293.5602166,2.62,low_demand,low_supply,0.525,0.7272727272727273,320.78117480466824,314.3524154582747,314.3524154582747
61,45,Rural,Gold,42,4.25,Afternoon,Economy,102,421.985262,1.36,low_demand,high_supply,1.525,1.1842105263157894,434.64481986,374.4452000947087,374.44520009470864
72,62,Suburban,Regular,48,3.82,Evening,Economy,126,553.7408049,1.16,low_demand,high_supply,1.8,1.631578947368421,553.7408049,461.8018596623941,461.801859662394
65,18,Rural,Gold,65,4.01,Morning,Economy,111,330.62431,3.61,low_demand,low_supply,1.625,1.6363636363636365,340.5430393,410.11421795399076,410.1142179539907
20,8,Rural,Silver,27,4.99,Morning,Economy,83,261.4451503,2.5,low_demand,low_supply,0.5,0.7272727272727273,269.288504809,311.015144198358,311.015144198358
22,7,Suburban,Silver,16,4.1,Night,Economy,147,520.0637873,3.14,low_demand,low_supply,0.55,0.6363636363636364,551.7356719465699,536.6760641258903,536.6760641258903
72,49,Suburban,Gold,15,4.34,Night,Premium,19,117.6332781,1.47,low_demand,high_supply,1.8,1.2894736842105263,128.5410590783787,78.81331232508688,78.81331232508694
42,30,Urban,Regular,26,4.79,Afternoon,Economy,138,493.0149509,1.4,low_demand,low_supply,1.05,2.727272727272727,507.805399427,521.7655563227845,521.7655563227843
100,54,Suburban,Regular,91,4.59,Night,Premium,61,203.1132957,1.85,high_demand,high_supply,1.2345679012345678,1.4210526315789473,221.94738227037394,233.8592478435253,233.85924784352528
87,32,Suburban,Silver,38,4.76,Afternoon,Economy,114,421.7762985,2.72,high_demand,low_supply,1.0740740740740742,2.909090909090909,434.429587455,438.2817483295489,438.28174832954886
36,8,Urban,Gold,47,4.07,Afternoon,Economy,77,305.0088859,4.5,low_demand,low_supply,0.9,0.7272727272727273,314.159152477,286.3795040833936,286.3795040833936
70,38,Urban,Silver,99,4.19,Morning,Economy,76,317.7718882,1.84,low_demand,low_supply,1.75,3.4545454545454546,327.305044846,303.3628592067982,303.36285920679813
41,7,Urban,Gold,4,4.15,Night,Economy,83,364.9140561,5.86,low_demand,low_supply,1.025,0.6363636363636364,387.13732211649,305.69083794106007,305.69083794106007
59,40,Rural,Gold,64,4.72,Night,Economy,157,398.3194964,1.48,low_demand,high_supply,1.475,1.0526315789473684,422.57715373076,568.6100513582693,568.6100513582693
33,14,Urban,Regular,38,4.89,Morning,Economy,127,461.3060121,2.36,low_demand,low_supply,0.825,1.2727272727272727,451.38793283985,469.8854084162507,469.8854084162507
70,26,Urban,Silver,15,3.67,Night,Premium,70,358.2348071,2.69,low_demand,low_supply,1.75,2.3636363636363638,380.05130685239004,271.01824240718383,271.01824240718383
45,7,Rural,Regular,87,4.35,Evening,Economy,74,224.3071068,6.43,low_demand,low_supply,1.125,0.6363636363636364,231.03632000400003,272.93011645539895,272.93011645539895
98,71,Suburban,Regular,83,4.55,Morning,Economy,139,558.3815496,1.38,high_demand,high_supply,1.2098765432098766,1.868421052631579,575.132996088,515.2620050028056,515.2620050028056
75,63,Urban,Gold,42,4.55,Evening,Premium,138,660.4425623,1.19,low_demand,high_supply,1.875,1.6578947368421053,700.66351434407,504.00272184828793,504.0027218482879
100,34,Rural,Gold,33,4.75,Night,Economy,156,537.4486717,2.94,high_demand,low_supply,1.2345679012345678,3.090909090909091,570.17929580653,587.7499364043954,587.7499364043952
76,23,Urban,Silver,53,3.94,Evening,Economy,117,480.1043704,3.3,low_demand,low_supply,1.9,2.090909090909091,480.1043704,433.6993140226607,433.6993140226607
32,12,Urban,Silver,69,3.68,Morning,Economy,55,162.2831045,2.67,low_demand,low_supply,0.8,1.0909090909090908,162.2831045,212.8737940918114,212.87379409181145
35,23,Suburban,Gold,58,3.78,Afternoon,Economy,164,638.0445145,1.52,low_demand,low_supply,0.875,2.090909090909091,638.0445145,608.9991134606031,608.999113460603
30,16,Suburban,Gold,89,3.63,Afternoon,Economy,142,420.111098,1.88,low_demand,low_supply,0.75,1.4545454545454546,399.10554310000003,525.561803405455,525.5618034054548
75,56,Urban,Regular,66,3.69,Evening,Premium,22,124.4906005,1.34,low_demand,high_supply,1.875,1.4736842105263157,128.225318515,90.69324870971435,90.69324870971434
25,6,Rural,Regular,23,3.95,Morning,Premium,55,235.2781176,4.17,low_demand,low_supply,0.625,0.5454545454545454,242.336461128,208.80966881514712,208.80966881514718
88,16,Suburban,Gold,26,4.18,Morning,Economy,32,127.3314901,5.5,high_demand,low_supply,1.0864197530864197,1.4545454545454546,131.151434803,132.5808618097662,132.5808618097662
43,26,Rural,Silver,69,4.9,Evening,Economy,107,391.0269904,1.65,low_demand,low_supply,1.075,2.3636363636363638,402.757800112,407.9140428218163,407.9140428218162
39,20,Rural,Silver,97,4.25,Morning,Economy,121,319.5430197,1.95,low_demand,low_supply,0.975,1.8181818181818181,329.129310291,452.87772146171824,452.8777214617182
77,63,Suburban,Gold,72,4.56,Morning,Economy,113,380.2853708,1.22,low_demand,high_supply,1.925,1.6578947368421053,391.693931924,414.91074312320933,414.9107431232093
41,14,Suburban,Silver,59,4.72,Morning,Premium,49,179.6234225,2.93,low_demand,low_supply,1.025,1.2727272727272727,190.56248893025003,191.54947378956834,191.54947378956834
51,20,Rural,Silver,97,4.8,Morning,Economy,130,452.1126401,2.55,low_demand,low_supply,1.275,1.8181818181818181,465.67601930300003,482.28425199795095,482.28425199795095
30,10,Suburban,Gold,86,4.95,Evening,Economy,149,565.6691466,3.0,low_demand,low_supply,0.75,0.9090909090909091,582.639220998,544.8585769482079,544.8585769482078
29,8,Urban,Gold,52,4.68,Afternoon,Premium,121,402.1558776,3.62,low_demand,low_supply,0.725,0.7272727272727273,426.64717054584,443.9109231710326,443.9109231710326
21,5,Rural,Gold,8,4.44,Afternoon,Premium,159,689.84216,4.2,low_demand,low_supply,0.525,0.45454545454545453,731.8535475440001,577.6047381189553,577.6047381189553
50,15,Suburban,Regular,62,4.51,Night,Economy,83,307.6469281,3.33,low_demand,low_supply,1.25,1.3636363636363635,326.38262602129004,311.17955062139214,311.17955062139214
61,42,Rural,Gold,11,3.72,Night,Economy,52,186.5262771,1.45,low_demand,high_supply,1.525,1.105263157894737,192.122065413,196.2991664083897,196.29916640838974
67,5,Suburban,Silver,81,4.53,Morning,Premium,14,91.06777716,13.4,low_demand,low_supply,1.675,0.45454545454545453,106.27518526794842,53.659750972228366,53.65975097222844
73,22,Suburban,Regular,26,4.99,Night,Economy,33,143.8549861,3.32,low_demand,low_supply,1.825,2.0,152.61575475349,135.46600587200112,135.46600587200115
35,18,Urban,Gold,27,3.82,Morning,Economy,158,553.8373591,1.94,low_demand,low_supply,0.875,1.6363636363636365,553.8373591,583.1080111142011,583.108011114201
96,58,Urban,Silver,25,3.61,Morning,Economy,85,336.5684837,1.66,high_demand,high_supply,1.1851851851851851,1.5263157894736843,336.5684837,320.46664078510537,320.46664078510537
38,28,Urban,Gold,8,4.83,Morning,Economy,29,95.02020686,1.36,low_demand,low_supply,0.95,2.5454545454545454,97.87081306580001,134.14724961389086,134.14724961389086
75,28,Urban,Gold,6,4.02,Evening,Premium,171,575.0117219,2.68,low_demand,low_supply,1.875,2.5454545454545454,610.02993576371,630.0516466276902,630.0516466276899
57,26,Suburban,Silver,92,4.11,Afternoon,Premium,58,264.6757476,2.19,low_demand,low_supply,1.425,2.3636363636363638,280.79450062884007,231.18062422252234,231.1806242225223
36,10,Rural,Gold,65,3.54,Night,Economy,53,185.6179239,3.6,low_demand,low_supply,0.9,0.9090909090909091,191.186461617,203.09756869359592,203.09756869359595
73,27,Rural,Gold,98,3.97,Evening,Economy,57,251.1556503,2.7,low_demand,low_supply,1.825,2.4545454545454546,251.1556503,225.20145571501115,225.20145571501115
68,29,Rural,Gold,51,3.99,Evening,Economy,110,299.6890563,2.34,low_demand,low_supply,1.7,2.6363636363636362,299.6890563,416.07963595462206,416.079635954622
25,9,Rural,Gold,11,3.58,Night,Economy,31,92.65681121,2.78,low_demand,low_supply,0.625,0.8181818181818182,95.4365155463,126.44966406152267,126.4496640615227
97,25,Urban,Regular,95,4.91,Night,Premium,101,332.2293764,3.88,high_demand,low_supply,1.1975308641975309,2.272727272727273,363.0360097854428,384.6831832308146,384.68318323081456
30,7,Rural,Regular,85,3.74,Evening,Economy,44,184.1120897,4.29,low_demand,low_supply,0.75,0.6363636363636364,184.1120897,169.66742464280796,169.667424642808
83,7,Suburban,Gold,24,4.9,Morning,Premium,24,124.5817745,11.86,high_demand,low_supply,1.0246913580246915,0.6363636363636364,132.16880456705,96.42584259025638,96.42584259025642
27,5,Rural,Gold,2,4.3,Evening,Economy,22,60.98181722,5.4,low_demand,low_supply,0.675,0.45454545454545453,62.811271736600006,90.42049389984732,90.42049389984737
58,21,Suburban,Gold,72,4.14,Afternoon,Economy,10,35.88598786,2.76,low_demand,low_supply,1.45,1.9090909090909092,36.9625674958,56.109740783028954,56.109740783029
32,15,Urban,Gold,67,3.76,Evening,Premium,23,132.1230188,2.13,low_demand,low_supply,0.8,1.3636363636363635,129.28237389580002,102.13852378413893,102.1385237841389
76,8,Urban,Gold,40,4.68,Afternoon,Economy,157,561.5796822,9.5,low_demand,low_supply,1.9,0.7272727272727273,636.2697799326,561.7466822503028,561.7466822503028
21,9,Suburban,Regular,38,4.54,Morning,Economy,179,546.3787899,2.33,low_demand,low_supply,0.525,0.8181818181818182,562.770153597,652.2306245487682,652.230624548768
47,37,Urban,Gold,53,4.69,Night,Economy,41,147.4597413,1.27,low_demand,low_supply,1.175,3.3636363636363638,156.44003954516998,183.12079126146818,183.12079126146816
33,20,Suburban,Regular,97,4.13,Morning,Premium,169,668.892214,1.65,low_demand,low_supply,0.825,1.8181818181818181,674.14636234097,624.3871363920421,624.387136392042
92,66,Rural,Silver,26,3.56,Evening,Economy,19,62.06928479,1.39,high_demand,high_supply,1.1358024691358024,1.736842105263158,62.06928479,88.91979487500366,88.91979487500373
24,7,Rural,Silver,34,3.51,Afternoon,Premium,111,477.7411362,3.43,low_demand,low_supply,0.6,0.6363636363636364,492.07337028600006,408.56809526399576,408.56809526399576
75,9,Rural,Gold,71,4.06,Night,Economy,150,411.0057654,8.33,low_demand,low_supply,1.875,0.8181818181818182,479.639618164146,538.0498924610233,538.0498924610233
89,76,Urban,Gold,35,4.8,Night,Premium,177,650.2985712,1.17,high_demand,high_supply,1.0987654320987654,2.0,710.5988068116624,652.3106093819063,652.3106093819063
67,20,Urban,Regular,42,4.13,Evening,Economy,68,243.2286176,3.35,low_demand,low_supply,1.675,1.8181818181818181,250.525476128,259.02175300465046,259.02175300465046
61,23,Suburban,Silver,51,4.73,Evening,Premium,150,680.9330686,2.65,low_demand,low_supply,1.525,2.090909090909091,722.4018924777399,553.8918384481979,553.8918384481979
80,67,Rural,Regular,80,4.74,Night,Economy,147,432.3072577,1.19,low_demand,high_supply,2.0,1.763157894736842,458.63476969393,535.944209556254,535.944209556254
66,15,Suburban,Gold,62,4.59,Night,Economy,161,720.7299449,4.4,low_demand,low_supply,1.65,1.3636363636363635,764.6223985444101,584.484198823932,584.4841988239319
39,12,Suburban,Regular,54,3.77,Morning,Premium,176,510.454375,3.25,low_demand,low_supply,0.975,1.0909090909090908,525.76800625,640.5822270564128,640.5822270564126
46,22,Urban,Regular,9,4.33,Morning,Economy,128,522.7974319,2.09,low_demand,low_supply,1.15,2.0,538.481354857,478.0824815534817,478.08248155348167
89,74,Rural,Silver,41,4.89,Morning,Premium,115,432.1627923,1.2,high_demand,high_supply,1.0987654320987654,1.9473684210526316,458.48150635107004,431.86855202235495,431.86855202235495
60,16,Urban,Gold,56,4.33,Night,Premium,126,382.4570671,3.75,low_demand,low_supply,1.5,1.4545454545454546,417.9211635609817,462.52216426718076,462.5221642671807
58,13,Rural,Regular,99,3.62,Morning,Premium,106,351.4393159,4.46,low_demand,low_supply,1.45,1.1818181818181819,361.982495377,389.23748234221966,389.2374823422196
68,16,Urban,Silver,93,4.44,Morning,Premium,154,510.1957863,4.25,low_demand,low_supply,1.7,1.4545454545454546,541.2667096856701,560.1584982316347,560.1584982316346
45,19,Suburban,Silver,71,3.72,Night,Economy,121,313.9264406,2.37,low_demand,low_supply,1.125,1.7272727272727273,323.34423381799996,450.69796921950945,450.69796921950933
91,61,Suburban,Gold,100,4.88,Night,Economy,101,372.229822,1.49,high_demand,high_supply,1.123456790123457,1.605263157894737,394.89861815980004,378.5354179268173,378.5354179268172
39,12,Urban,Regular,70,4.02,Morning,Premium,66,314.4680085,3.25,low_demand,low_supply,0.975,1.0909090909090908,333.61911021765,250.42232568825253,250.4223256882525
97,9,Rural,Gold,58,4.32,Evening,Premium,142,491.5779539,10.78,high_demand,low_supply,1.1975308641975309,0.8181818181818182,573.6665564217611,515.3555290165395,515.3555290165395
42,18,Suburban,Silver,39,3.94,Afternoon,Economy,128,527.1558944,2.33,low_demand,low_supply,1.05,1.6363636363636365,527.1558944,475.23330674614607,475.233306746146
27,15,Urban,Gold,11,3.77,Evening,Economy,111,432.8493969,1.8,low_demand,low_supply,0.675,1.3636363636363635,411.206927055,415.3146295503635,415.31462955036346
67,48,Rural,Regular,94,4.3,Evening,Premium,168,544.6027808,1.4,low_demand,high_supply,1.675,1.263157894736842,577.7690901507201,608.083943283088,608.083943283088
69,51,Urban,Regular,75,3.57,Night,Premium,136,470.1827135,1.35,low_demand,high_supply,1.725,1.3421052631578947,498.81684075215003,494.96423117173623,494.9642311717362
69,47,Urban,Regular,65,4.22,Night,Economy,18,53.53910401,1.47,low_demand,high_supply,1.725,1.236842105263158,56.799635444209,75.3615656181695,75.3615656181695
93,18,Suburban,Gold,34,3.54,Afternoon,Economy,80,352.0685727,5.17,high_demand,low_supply,1.1481481481481481,1.6363636363636365,352.0685727,304.1586943463037,304.1586943463037
84,74,Suburban,Regular,7,4.4,Afternoon,Premium,101,396.3698341,1.14,high_demand,high_supply,1.037037037037037,1.9473684210526316,420.50875699669,382.72945936286794,382.7294593628679
96,48,Urban,Gold,41,4.39,Morning,Economy,130,367.7829981,2.0,high_demand,high_supply,1.1851851851851851,1.263157894736842,378.816488043,477.40876294822937,477.40876294822937
30,13,Suburban,Gold,72,4.18,Night,Premium,113,352.9356731,2.31,low_demand,low_supply,0.75,1.1818181818181819,366.37922229656647,419.9356738635113,419.9356738635113
60,48,Suburban,Regular,15,4.06,Morning,Economy,78,339.1055826,1.25,low_demand,high_supply,1.5,1.263157894736842,349.278750078,290.3296643404227,290.3296643404227
72,39,Urban,Regular,39,3.77,Night,Premium,115,347.8959667,1.85,low_demand,high_supply,1.8,1.0263157894736843,369.08283107203,416.64775239526705,416.64775239526705
31,13,Suburban,Regular,82,4.63,Morning,Economy,108,469.2509136,2.38,low_demand,low_supply,0.775,1.1818181818181819,459.16201895759997,401.991495957892,401.99149595789197
71,13,Rural,Silver,60,4.3,Night,Premium,62,213.8430201,5.46,low_demand,low_supply,1.775,1.1818181818181819,233.67204182481274,230.44824164854495,230.44824164854498
91,61,Rural,Silver,86,4.44,Morning,Premium,129,567.5392185,1.49,high_demand,high_supply,1.123456790123457,1.605263157894737,602.10235690665,477.8488473659853,477.84884736598525
91,60,Rural,Gold,2,3.53,Evening,Premium,107,492.1790132,1.52,high_demand,high_supply,1.123456790123457,1.5789473684210527,506.944383596,399.5499924345136,399.54999243451357
32,6,Urban,Silver,13,4.75,Afternoon,Economy,53,173.8874745,5.33,low_demand,low_supply,0.8,0.5454545454545454,179.104098735,200.24839388626023,200.24839388626026
23,10,Suburban,Gold,47,4.84,Evening,Economy,125,418.1068244,2.3,low_demand,low_supply,0.575,0.9090909090909091,430.650029132,461.20023882643864,461.20023882643864
61,47,Suburban,Silver,100,4.58,Night,Premium,157,658.3040013,1.3,low_demand,high_supply,1.525,1.236842105263158,719.3465564285451,570.058900094468,570.058900094468
57,40,Urban,Regular,78,3.62,Afternoon,Economy,171,764.5953414,1.42,low_demand,high_supply,1.425,1.0526315789473684,764.5953414,618.6860399465319,618.6860399465318
89,70,Suburban,Gold,86,4.51,Afternoon,Economy,90,384.209292,1.27,high_demand,high_supply,1.0987654320987654,1.8421052631578947,395.73557076000003,342.12834853459646,342.12834853459646
64,45,Rural,Gold,22,3.96,Night,Premium,118,404.6018875,1.42,low_demand,high_supply,1.6,1.1842105263157894,429.24214244875,430.5668203997869,430.5668203997869
91,29,Urban,Regular,82,3.73,Afternoon,Premium,90,446.8170258,3.14,high_demand,low_supply,1.123456790123457,2.6363636363636362,460.221536574,349.9760621108077,349.9760621108077
91,53,Suburban,Gold,67,4.56,Night,Economy,50,158.1067232,1.72,high_demand,high_supply,1.123456790123457,1.394736842105263,167.73542264288,195.5081027570442,195.50810275704424
69,37,Suburban,Regular,47,4.39,Evening,Premium,60,284.2362895,1.86,low_demand,low_supply,1.725,3.3636363636363638,301.54627953055,245.90003439686822,245.9000343968682
71,61,Suburban,Regular,79,3.85,Afternoon,Economy,147,591.2989763,1.16,low_demand,high_supply,1.775,1.605263157894737,591.2989763,536.2296940182698,536.2296940182698
38,7,Rural,Silver,28,3.85,Evening,Economy,12,36.00027803,5.43,low_demand,low_supply,0.95,0.6363636363636364,36.00027803,54.489266951901676,54.4892669519017
100,32,Suburban,Regular,67,3.94,Evening,Premium,162,581.1370846,3.12,high_demand,low_supply,1.2345679012345678,2.909090909090909,598.571197138,607.1875242975849,607.1875242975848
65,51,Suburban,Gold,97,4.81,Night,Premium,144,588.1367699,1.27,low_demand,high_supply,1.625,1.3421052631578947,642.6729281625173,524.1780444631413,524.1780444631413
73,38,Urban,Regular,91,4.23,Evening,Premium,86,400.267333,1.92,low_demand,low_supply,1.825,3.4545454545454546,424.64361357970006,338.20303034634037,338.20303034634037
56,25,Suburban,Regular,87,3.73,Evening,Premium,172,575.4102708,2.24,low_demand,low_supply,1.4,2.272727272727273,592.672578924,634.8158646658727,634.8158646658726
75,55,Rural,Silver,80,4.7,Morning,Economy,69,190.9788527,1.36,low_demand,high_supply,1.875,1.4473684210526316,196.708218281,257.13105918190683,257.1310591819069
97,21,Urban,Regular,43,3.79,Afternoon,Premium,106,398.1593839,4.62,high_demand,low_supply,1.1975308641975309,1.9090909090909092,410.10416541700005,398.73000165740183,398.7300016574018
94,71,Rural,Regular,48,4.73,Night,Premium,169,770.8733245,1.32,high_demand,high_supply,1.1604938271604939,1.868421052631579,842.3540952609115,622.0833484785634,622.0833484785633
53,22,Urban,Silver,28,4.99,Afternoon,Premium,64,211.082023,2.41,low_demand,low_supply,1.325,2.0,223.9369182007,249.61289858072266,249.61289858072266
81,8,Rural,Silver,78,4.8,Afternoon,Premium,141,618.4288567,10.12,low_demand,low_supply,2.025,0.7272727272727273,721.7002914803331,503.9479664705105,503.94796647051044
47,34,Rural,Silver,87,3.53,Morning,Premium,170,739.22712,1.38,low_demand,low_supply,1.175,3.090909090909091,761.4039336000001,637.9061564119729,637.9061564119728
80,48,Suburban,Regular,13,4.44,Night,Economy,35,128.7410739,1.67,low_demand,high_supply,2.0,1.263157894736842,136.58140530051003,133.61987330062914,133.6198733006292
75,55,Rural,Gold,54,4.73,Night,Premium,145,584.49173,1.36,low_demand,high_supply,1.875,1.4473684210526316,638.68989464771,526.6960819453631,526.696081945363
89,12,Urban,Silver,42,4.73,Afternoon,Economy,102,328.3139822,7.42,high_demand,low_supply,1.0987654320987654,1.0909090909090908,338.163401666,377.0731884509742,377.07318845097416
30,13,Rural,Gold,8,4.1,Afternoon,Economy,94,274.6803754,2.31,low_demand,low_supply,0.75,1.1818181818181819,268.7747473289,352.5444181726472,352.5444181726472
64,5,Rural,Gold,91,4.34,Evening,Premium,21,108.2430435,12.8,low_demand,low_supply,1.6,0.45454545454545453,126.31854933406501,79.11701913503819,79.11701913503828
55,29,Suburban,Gold,92,4.85,Morning,Economy,44,181.7809396,1.9,low_demand,low_supply,1.375,2.6363636363636362,187.23436778800001,184.70897528013643,184.70897528013643
94,76,Suburban,Gold,26,4.7,Morning,Premium,94,405.3179545,1.24,high_demand,high_supply,1.1604938271604939,2.0,430.00181792905,357.39960719856117,357.3996071985611
53,28,Urban,Gold,6,3.67,Evening,Economy,178,775.7916852,1.89,low_demand,low_supply,1.325,2.5454545454545454,775.7916852,659.4920165429461,659.492016542946
29,7,Suburban,Regular,68,3.98,Morning,Economy,114,289.1296809,4.14,low_demand,low_supply,0.725,0.6363636363636364,289.1296809,418.1606351750674,418.1606351750674
29,17,Urban,Silver,76,3.61,Morning,Economy,166,674.1328476,1.71,low_demand,low_supply,0.725,1.5454545454545454,640.4262052199999,611.8191676381115,611.8191676381114
75,42,Suburban,Silver,38,4.25,Afternoon,Economy,146,479.1199534,1.79,low_demand,high_supply,1.875,1.105263157894737,493.493552002,526.7736195877042,526.7736195877042
74,53,Suburban,Regular,60,3.93,Night,Economy,162,676.4404324,1.4,low_demand,high_supply,1.85,1.394736842105263,696.733645372,586.6694088663751,586.6694088663751
89,75,Urban,Silver,10,4.91,Evening,Economy,16,54.44953819,1.19,high_demand,high_supply,1.0987654320987654,1.9736842105263157,56.0830243357,80.99151544885032,80.99151544885035
29,13,Suburban,Gold,44,4.29,Evening,Premium,87,267.740417,2.23,low_demand,low_supply,0.725,1.1818181818181819,269.84351797553495,327.92569774719453,327.9256977471945
40,20,Rural,Silver,45,4.42,Evening,Premium,130,445.4842486,2.0,low_demand,low_supply,1.0,1.8181818181818181,472.61423933974004,484.59025827568297,484.5902582756829
79,11,Urban,Regular,1,4.35,Night,Premium,45,210.2567597,7.18,low_demand,low_supply,1.975,1.0,229.75323825670193,166.62984559913232,166.62984559913235
98,87,Urban,Gold,87,4.28,Afternoon,Premium,170,603.8458025,1.13,high_demand,high_supply,1.2098765432098766,2.289473684210526,640.62001187225,629.4861535501755,629.4861535501755
95,76,Urban,Regular,74,4.39,Night,Economy,118,464.9915827,1.25,high_demand,high_supply,1.1728395061728396,2.0,493.30957008643,442.42187944868584,442.4218794486858
79,13,Rural,Gold,67,4.05,Evening,Premium,151,514.9363492,6.08,low_demand,low_supply,1.975,1.1818181818181819,546.2959728662801,544.445975462615,544.445975462615
38,22,Suburban,Regular,18,4.17,Night,Premium,121,450.5387531,1.73,low_demand,low_supply,0.95,2.0,492.3158600587037,454.9312196684039,454.93121966840386
83,41,Suburban,Silver,48,3.64,Evening,Economy,176,741.3443926,2.02,high_demand,high_supply,1.0246913580246915,1.0789473684210527,741.3443926,640.0442346353803,640.0442346353802
59,24,Suburban,Regular,40,4.0,Afternoon,Premium,147,631.631297,2.46,low_demand,low_supply,1.475,2.1818181818181817,670.0976429873001,544.5923183702815,544.5923183702815
51,11,Suburban,Regular,72,3.62,Afternoon,Economy,16,71.21364105,4.64,low_demand,low_supply,1.275,1.0,71.21364105,69.63934212720793,69.63934212720795
64,46,Rural,Silver,51,5.0,Evening,Premium,29,144.6013825,1.39,low_demand,high_supply,1.6,1.2105263157894737,153.40760669425,115.15886576884228,115.15886576884233
30,6,Rural,Regular,93,3.81,Evening,Economy,129,505.9219688,5.0,low_demand,low_supply,0.75,0.5454545454545454,505.9219688,470.232690518395,470.232690518395
60,15,Suburban,Regular,95,4.84,Afternoon,Economy,180,726.3339146,4.0,low_demand,low_supply,1.5,1.3636363636363635,748.123932038,653.1332761208316,653.1332761208316
75,51,Rural,Regular,17,4.83,Afternoon,Premium,79,283.4132788,1.47,low_demand,high_supply,1.875,1.3421052631578947,300.67314747892,291.5326424931084,291.5326424931085
25,15,Suburban,Regular,88,4.68,Afternoon,Premium,31,148.1864882,1.67,low_demand,low_supply,0.625,1.3636363636363635,149.350493064811,131.98124787856185,131.98124787856187
46,31,Suburban,Gold,67,3.53,Morning,Economy,61,158.5920931,1.48,low_demand,low_supply,1.15,2.8181818181818183,158.5920931,248.73700826388836,248.7370082638883
48,11,Urban,Regular,86,3.55,Night,Economy,15,57.89462608,4.36,low_demand,low_supply,1.2,1.0,59.6314648624,66.72134473596974,66.72134473596981
51,6,Rural,Gold,64,4.57,Morning,Economy,34,142.5577269,8.5,low_demand,low_supply,1.275,0.5454545454545454,161.51790457770002,128.87403644295,128.87403644295006
68,23,Suburban,Gold,96,4.77,Morning,Economy,105,359.1281131,2.96,low_demand,low_supply,1.7,2.090909090909091,369.901956493,392.8135111663029,392.8135111663028
89,8,Suburban,Silver,18,3.83,Morning,Economy,121,407.5520588,11.12,high_demand,low_supply,1.0987654320987654,0.7272727272727273,407.5520588,440.77672159714547,440.7767215971454
84,55,Suburban,Regular,1,4.47,Afternoon,Economy,146,487.3991192,1.53,high_demand,high_supply,1.037037037037037,1.4473684210526316,502.021092776,537.2697096054354,537.2697096054354
50,8,Rural,Regular,25,3.8,Evening,Premium,13,89.61312852,6.25,low_demand,low_supply,1.25,0.7272727272727273,101.53167461316,56.44246257025959,56.442462570259636
99,40,Urban,Gold,26,4.83,Evening,Premium,151,510.6580782,2.48,high_demand,high_supply,1.2222222222222223,1.0526315789473684,541.75715516238,549.4482645288305,549.4482645288304
21,9,Urban,Gold,91,4.82,Morning,Economy,47,171.6271186,2.33,low_demand,low_supply,0.525,0.8181818181818182,176.775932158,184.0387429069758,184.03874290697584
53,19,Suburban,Silver,54,3.84,Evening,Economy,132,520.5653406,2.79,low_demand,low_supply,1.325,1.7272727272727273,520.5653406,488.0368638816113,488.0368638816112
60,16,Urban,Gold,68,4.23,Night,Economy,108,458.0963268,3.75,low_demand,low_supply,1.5,1.4545454545454546,485.99439310212,398.6778167705727,398.67781677057263
32,22,Suburban,Silver,9,4.68,Night,Premium,135,530.1491564,1.45,low_demand,low_supply,0.8,2.0,550.3428823642278,505.84575599402353,505.84575599402353
51,25,Rural,Regular,21,4.43,Evening,Premium,38,200.2582591,2.04,low_demand,low_supply,1.275,2.272727272727273,212.45398707919003,160.5783513072647,160.57835130726474
22,5,Urban,Regular,75,4.39,Night,Premium,19,128.0167602,4.4,low_demand,low_supply,0.55,0.45454545454545453,139.8873703230654,80.82795398877566,80.82795398877573
21,7,Rural,Regular,6,4.96,Afternoon,Premium,180,836.1164186,3.0,low_demand,low_supply,0.525,0.6363636363636364,887.03590849274,653.9336714706777,653.9336714706776
55,21,Rural,Silver,49,4.59,Morning,Economy,111,471.0890519,2.62,low_demand,low_supply,1.375,1.9090909090909092,485.22172345700005,414.9763792059031,414.976379205903
42,31,Rural,Gold,32,4.75,Night,Economy,12,50.64017558,1.35,low_demand,low_supply,1.05,2.8181818181818183,53.724162272822,75.77705448270132,75.77705448270126
86,26,Rural,Silver,31,3.69,Afternoon,Economy,85,263.1611767,3.31,high_demand,low_supply,1.0617283950617284,2.3636363636363638,263.1611767,329.99335129110506,329.99335129110506
48,18,Rural,Silver,60,4.47,Afternoon,Premium,124,524.1655595,2.67,low_demand,low_supply,1.2,1.6363636363636365,556.08724207355,459.78785236308636,459.78785236308636
82,65,Urban,Gold,43,4.8,Night,Premium,112,330.2265438,1.26,high_demand,high_supply,1.0123456790123457,1.7105263157894737,360.84746052694265,419.55062640316623,419.5506264031662
63,48,Rural,Regular,88,4.09,Morning,Economy,70,212.7407519,1.31,low_demand,high_supply,1.575,1.263157894736842,219.122974457,261.3254879833569,261.3254879833569
44,24,Urban,Regular,83,3.61,Night,Economy,13,48.92895254,1.83,low_demand,low_supply,1.1,2.1818181818181817,50.3968211162,72.45117435506637,72.45117435506637
39,18,Suburban,Gold,78,4.21,Afternoon,Economy,165,734.395119,2.17,low_demand,low_supply,0.975,1.6363636363636365,756.4269725700001,607.097820736636,607.0978207366359
23,7,Rural,Gold,98,4.35,Morning,Economy,76,281.3395023,3.29,low_demand,low_supply,0.575,0.6363636363636364,289.779687369,284.6359453993749,284.6359453993749
31,7,Rural,Silver,27,4.73,Morning,Premium,141,476.2898578,4.43,low_demand,low_supply,0.775,0.6363636363636364,505.29591014002,513.507882551301,513.5078825513009
44,7,Rural,Regular,55,3.66,Night,Premium,103,490.3421583,6.29,low_demand,low_supply,1.1,0.6363636363636364,520.2039957404701,376.00009102316227,376.00009102316227
23,5,Urban,Gold,92,3.71,Night,Economy,105,363.4447759,4.6,low_demand,low_supply,0.575,0.45454545454545453,374.34811917700006,385.6524217604526,385.6524217604526
63,46,Urban,Silver,36,4.59,Morning,Economy,18,49.83993576,1.37,low_demand,high_supply,1.575,1.2105263157894737,51.335133832800004,76.35251256636552,76.35251256636553
25,15,Urban,Gold,15,4.18,Morning,Premium,176,516.829559,1.67,low_demand,low_supply,0.625,1.3636363636363635,520.889255185945,646.2829360456823,646.2829360456822
27,11,Rural,Regular,1,4.34,Night,Economy,99,262.6864664,2.45,low_demand,low_supply,0.675,1.0,278.68407220375997,369.0640086745987,369.06400867459865
57,28,Urban,Gold,27,4.58,Afternoon,Economy,107,423.5098574,2.04,low_demand,low_supply,1.425,2.5454545454545454,436.215153122,406.8229870134129,406.8229870134128
83,26,Suburban,Gold,77,3.62,Night,Premium,74,373.9756358,3.19,high_demand,low_supply,1.0246913580246915,2.3636363636363638,396.75075202022003,291.28793439034723,291.28793439034723
80,5,Suburban,Regular,53,3.67,Evening,Premium,48,184.2429447,16.0,low_demand,low_supply,2.0,0.45454545454545453,208.74725634510003,171.5293494305219,171.52934943052196
50,40,Rural,Silver,61,4.7,Evening,Premium,73,319.1109829,1.25,low_demand,high_supply,1.25,1.0526315789473684,338.54484175861006,272.55649544981856,272.55649544981856
84,8,Rural,Gold,21,4.63,Night,Economy,172,549.2008068,10.5,high_demand,low_supply,1.037037037037037,0.7272727272727273,582.6471359341201,622.1866615642984,622.1866615642984
90,54,Rural,Regular,1,3.59,Afternoon,Premium,87,427.8571629,1.67,high_demand,high_supply,1.1111111111111112,1.4210526315789473,440.692877787,327.11410501437535,327.1141050143753
28,9,Urban,Silver,68,4.82,Evening,Premium,43,164.3163905,3.11,low_demand,low_supply,0.7,0.8181818181818182,174.32325868145003,168.38365158957686,168.3836515895769
97,64,Rural,Silver,62,3.52,Morning,Premium,152,638.1340202,1.52,high_demand,high_supply,1.1975308641975309,1.6842105263157894,657.278040806,559.6072133352758,559.6072133352757
99,22,Suburban,Silver,7,4.4,Morning,Economy,39,131.4435872,4.5,high_demand,low_supply,1.2222222222222223,2.0,135.386894816,161.80203445438406,161.80203445438406
96,53,Rural,Regular,58,4.28,Afternoon,Economy,21,55.6373708,1.81,high_demand,high_supply,1.1851851851851851,1.394736842105263,57.306491924,92.13014306352316,92.13014306352318
88,69,Rural,Gold,89,3.6,Evening,Premium,107,467.9274949,1.28,high_demand,high_supply,1.0864197530864197,1.8157894736842106,481.965319747,402.26243759112833,402.2624375911283
53,17,Rural,Silver,78,4.03,Afternoon,Premium,26,120.2471929,3.12,low_demand,low_supply,1.325,1.5454545454545454,127.57024694761002,110.22073401812858,110.22073401812861
28,14,Rural,Silver,77,3.58,Afternoon,Economy,98,374.6551828,2.0,low_demand,low_supply,0.7,1.2727272727272727,355.92242365999994,368.073255454523,368.073255454523
59,21,Rural,Regular,97,3.6,Afternoon,Premium,67,269.4441402,2.81,low_demand,low_supply,1.475,1.9090909090909092,277.527464406,258.0738709212818,258.0738709212818
50,27,Suburban,Gold,100,4.22,Morning,Premium,173,685.6696936,1.85,low_demand,low_supply,1.25,2.4545454545454546,727.42697794024,641.4644557385108,641.4644557385107
89,8,Urban,Gold,40,3.59,Morning,Premium,151,528.0024896,11.12,high_demand,low_supply,1.0987654320987654,0.7272727272727273,543.842564288,547.1839674248256,547.1839674248255
83,34,Urban,Silver,96,4.71,Evening,Premium,176,812.0729939,2.44,high_demand,low_supply,1.0246913580246915,3.090909090909091,861.5282392285101,660.4480152938451,660.448015293845
73,14,Urban,Gold,28,4.31,Evening,Economy,29,118.9730584,5.21,low_demand,low_supply,1.825,1.2727272727272727,122.54225015200001,113.90292800559153,113.90292800559158
76,35,Suburban,Regular,8,4.89,Afternoon,Premium,138,406.5899108,2.17,low_demand,low_supply,1.9,3.1818181818181817,431.35123636772,519.2475537361152,519.247553736115
56,35,Rural,Silver,33,3.97,Morning,Economy,47,134.7758295,1.6,low_demand,low_supply,1.4,3.1818181818181817,134.7758295,200.67164674560433,200.67164674560433
40,20,Rural,Regular,11,4.4,Afternoon,Economy,83,343.79852,2.0,low_demand,low_supply,1.0,1.8181818181818181,354.1124756,317.8855731456509,317.8855731456508
27,6,Urban,Silver,92,3.73,Night,Premium,125,460.2837625,4.5,low_demand,low_supply,0.675,0.5454545454545454,488.31504363625004,456.67396854438874,456.67396854438874
32,7,Urban,Regular,79,4.05,Morning,Economy,83,306.3904612,4.57,low_demand,low_supply,0.8,0.6363636363636364,315.582175036,307.5775703501135,307.5775703501135
48,24,Urban,Silver,35,4.2,Night,Premium,51,251.4211394,2.0,low_demand,low_supply,1.2,2.1818181818181817,274.7346673931438,206.3951379994374,206.3951379994374
71,41,Urban,Gold,31,3.81,Afternoon,Premium,140,614.6367132,1.73,low_demand,high_supply,1.775,1.0789473684210527,633.0758145960001,506.0638435016856,506.06384350168554
53,6,Rural,Silver,74,4.12,Night,Economy,76,231.1651668,8.83,low_demand,low_supply,1.325,0.5454545454545454,269.76743800393206,277.42490673302353,277.4249067330236
87,44,Rural,Silver,61,3.87,Evening,Premium,16,117.7636645,1.98,high_demand,high_supply,1.0740740740740742,1.1578947368421053,121.29657443500001,72.92544987986122,72.92544987986128
36,16,Urban,Regular,82,4.62,Afternoon,Premium,72,253.4912438,2.25,low_demand,low_supply,0.9,1.4545454545454546,268.9288605474201,276.02040820149915,276.02040820149915
39,20,Rural,Gold,71,4.11,Morning,Economy,111,404.5983992,1.95,low_demand,low_supply,0.975,1.8181818181818181,416.736351176,417.4086395191582,417.40863951915816
91,81,Rural,Gold,15,4.68,Evening,Premium,20,135.1772701,1.12,high_demand,high_supply,1.123456790123457,2.1315789473684212,143.40956584908997,96.5733473488732,96.5733473488732
31,18,Urban,Regular,46,4.86,Night,Economy,128,360.8585507,1.72,low_demand,low_supply,0.775,1.6363636363636365,363.6930946157486,477.53931302387804,477.539313023878
94,67,Suburban,Silver,34,4.64,Night,Premium,64,231.3263185,1.4,high_demand,high_supply,1.1604938271604939,1.763157894736842,252.77651403554952,248.5904894503246,248.5904894503246
83,18,Urban,Gold,12,4.98,Morning,Economy,81,286.4092944,4.61,high_demand,low_supply,1.0246913580246915,1.6363636363636365,295.00157323200006,308.7408466607537,308.7408466607537
34,9,Urban,Silver,65,4.69,Afternoon,Premium,107,508.7118175,3.78,low_demand,low_supply,0.85,0.8181818181818182,539.6923671857501,394.12795441592544,394.1279544159254
32,6,Rural,Gold,75,4.47,Morning,Premium,154,721.7212691,5.33,low_demand,low_supply,0.8,0.5454545454545454,765.67409438819,558.4861215061165,558.4861215061164
22,7,Urban,Gold,15,3.53,Evening,Premium,180,552.2693747,3.14,low_demand,low_supply,0.55,0.6363636363636364,568.8374559409999,653.7240345363384,653.7240345363384
49,20,Rural,Silver,52,4.74,Afternoon,Premium,162,510.6268914,2.45,low_demand,low_supply,1.225,1.8181818181818181,541.72406908626,596.2045880828216,596.2045880828215
61,38,Urban,Silver,95,3.5,Night,Economy,164,415.9794524,1.61,low_demand,low_supply,1.525,3.4545454545454546,428.45883597200003,617.37751271038,617.3775127103797
21,9,Urban,Gold,48,4.4,Afternoon,Premium,152,660.059708,2.33,low_demand,low_supply,0.525,0.8181818181818182,700.2573442172001,556.4641033038561,556.4641033038561
40,18,Urban,Silver,16,4.59,Afternoon,Premium,157,644.0445755,2.22,low_demand,low_supply,1.0,1.6363636363636365,683.26689014795,578.5129182482486,578.5129182482485
22,6,Urban,Silver,82,4.3,Morning,Premium,172,710.8843138,3.67,low_demand,low_supply,0.55,0.5454545454545454,754.17716851042,624.4268383461172,624.4268383461172
34,11,Suburban,Gold,66,4.59,Morning,Economy,134,478.2001536,3.09,low_demand,low_supply,0.85,1.0,492.546158208,491.73833693318386,491.73833693318386
56,31,Rural,Silver,9,4.79,Afternoon,Premium,167,744.4180992,1.81,low_demand,low_supply,1.4,2.8181818181818183,789.7531614412801,622.6129075116319,622.6129075116318
93,36,Urban,Gold,60,4.63,Afternoon,Economy,111,478.7697584,2.58,high_demand,low_supply,1.1481481481481481,3.272727272727273,493.132851152,430.70759981935737,430.70759981935726
38,9,Suburban,Gold,57,4.26,Morning,Premium,16,104.0560727,4.22,low_demand,low_supply,0.95,0.8181818181818182,110.39308752743,70.52076100127208,70.52076100127209
76,26,Suburban,Silver,74,4.18,Evening,Premium,159,486.1839276,2.92,low_demand,low_supply,1.9,2.3636363636363638,515.79252879084,585.4352500899324,585.4352500899323
47,24,Suburban,Silver,11,3.62,Night,Premium,148,657.0936874,1.96,low_demand,low_supply,1.175,2.1818181818181817,697.1106929626601,550.6548697766088,550.6548697766088
64,10,Urban,Silver,62,4.98,Evening,Economy,38,96.30074138,6.4,low_demand,low_supply,1.6,0.9090909090909091,99.1897636214,144.0241116182562,144.02411161825626
56,10,Rural,Gold,28,3.8,Afternoon,Economy,144,609.9082747,5.6,low_demand,low_supply,1.4,0.9090909090909091,609.9082747,521.6734756841067,521.6734756841066
44,25,Rural,Silver,32,4.43,Night,Premium,154,502.1012063,1.76,low_demand,low_supply,1.1,2.272727272727273,548.65954485658,573.487160381336,573.4871603813358
34,6,Rural,Regular,11,3.75,Morning,Economy,179,465.7190585,5.67,low_demand,low_supply,0.85,0.5454545454545454,465.7190585,646.739552493838,646.7395524938379
45,18,Suburban,Silver,70,3.84,Night,Economy,122,308.4359179,2.5,low_demand,low_supply,1.125,1.6363636363636365,317.688995437,453.3229467775922,453.32294677759216
31,7,Rural,Regular,22,4.88,Afternoon,Premium,172,806.0212702,4.43,low_demand,low_supply,0.775,0.6363636363636364,855.10796555518,623.4620365732369,623.4620365732369
95,28,Rural,Regular,34,4.48,Evening,Economy,163,576.967572,3.39,high_demand,low_supply,1.1728395061728396,2.5454545454545454,594.27659916,607.5643320072451,607.5643320072451
82,59,Rural,Regular,39,3.5,Night,Premium,67,284.2944207,1.39,high_demand,high_supply,1.0123456790123457,1.5526315789473684,301.60795092063,258.33850971460845,258.33850971460845
95,38,Urban,Silver,39,3.71,Afternoon,Premium,97,478.3662772,2.5,high_demand,low_supply,1.1728395061728396,3.4545454545454546,492.71726551600005,382.68769754808096,382.68769754808085
27,12,Suburban,Silver,1,4.93,Evening,Economy,41,119.4824,2.25,low_demand,low_supply,0.675,1.0909090909090908,123.066872,164.26526404392374,164.26526404392376
94,23,Suburban,Regular,71,4.15,Night,Premium,154,532.5097779,4.09,high_demand,low_supply,1.1604938271604939,2.090909090909091,581.8878120753334,571.1360294900945,571.1360294900944
66,15,Urban,Silver,88,4.21,Evening,Premium,65,291.9008795,4.4,low_demand,low_supply,1.65,1.3636363636363635,309.67764306155,243.98101217535572,243.98101217535574
40,6,Rural,Gold,37,4.75,Afternoon,Premium,148,707.8553932,6.67,low_demand,low_supply,1.0,0.5454545454545454,750.9637866458801,535.5275768658663,535.5275768658662
56,27,Suburban,Silver,62,4.74,Evening,Premium,129,435.7154538,2.07,low_demand,low_supply,1.4,2.4545454545454546,462.25052493642005,484.14267358521096,484.1426735852109
54,6,Suburban,Gold,48,4.26,Morning,Economy,154,504.0841142,9.0,low_demand,low_supply,1.35,0.5454545454545454,571.1273013886,553.8741089506525,553.8741089506525
46,15,Suburban,Silver,96,4.69,Morning,Premium,116,497.3770093,3.07,low_demand,low_supply,1.15,1.3636363636363635,527.66726916637,429.06606876919733,429.0660687691973
65,16,Suburban,Silver,82,3.62,Evening,Premium,146,460.8002859,4.06,low_demand,low_supply,1.625,1.4545454545454546,474.62429447700003,532.4121434806044,532.4121434806043
96,48,Urban,Gold,11,4.19,Night,Economy,79,272.4960776,2.0,high_demand,high_supply,1.1851851851851851,1.263157894736842,289.09108872584,296.51644504117326,296.51644504117326
47,9,Suburban,Gold,88,4.06,Night,Economy,93,246.9535423,5.22,low_demand,low_supply,1.175,0.8181818181818182,288.19231432867707,341.74595954993083,341.74595954993083
20,7,Urban,Silver,55,4.43,Night,Economy,153,482.7422075,2.86,low_demand,low_supply,0.5,0.6363636363636364,512.14120793675,558.376787160105,558.3767871601049
94,57,Suburban,Regular,13,4.04,Afternoon,Economy,60,205.4957596,1.65,high_demand,high_supply,1.1604938271604939,1.5,211.660632388,231.73411009490448,231.7341100949045
52,30,Suburban,Silver,25,3.67,Night,Economy,142,531.6062153,1.73,low_demand,low_supply,1.3,2.727272727272727,547.554401759,533.8568197564157,533.8568197564156
71,6,Suburban,Gold,48,4.05,Afternoon,Economy,157,550.9983737,11.83,low_demand,low_supply,1.775,0.5454545454545454,624.2811574021001,560.9510056496528,560.9510056496528
46,8,Rural,Gold,39,3.97,Evening,Premium,123,396.9586998,5.75,low_demand,low_supply,1.15,0.7272727272727273,408.867460794,447.440911675777,447.44091167577693
53,40,Urban,Regular,13,3.79,Night,Economy,118,318.2115758,1.32,low_demand,high_supply,1.325,1.0526315789473684,327.757923074,431.5384533883209,431.5384533883208
26,11,Urban,Regular,97,3.64,Morning,Economy,141,427.0550612,2.36,low_demand,low_supply,0.65,1.0,427.0550612,518.24378976769,518.24378976769
100,46,Suburban,Gold,74,3.74,Afternoon,Economy,171,448.3128535,2.17,high_demand,high_supply,1.2345679012345678,1.2105263157894737,448.3128535,621.8841519489687,621.8841519489686
74,38,Urban,Regular,95,5.0,Evening,Economy,167,455.4083399,1.95,low_demand,low_supply,1.85,3.4545454545454546,469.070590097,625.2929571467373,625.2929571467372
53,5,Rural,Gold,100,4.46,Night,Premium,33,179.1708197,10.6,low_demand,low_supply,1.325,0.45454545454545453,215.36327152815417,123.98592374384224,123.9859237438423
75,63,Urban,Gold,24,4.18,Afternoon,Economy,29,104.1858826,1.19,low_demand,high_supply,1.875,1.6578947368421053,107.311459078,117.38972867438363,117.38972867438369
44,9,Suburban,Regular,54,4.2,Morning,Premium,13,91.67748869,4.89,low_demand,low_supply,1.1,0.8181818181818182,97.26064775122101,58.62221481246843,58.62221481246843
76,60,Suburban,Regular,81,3.6,Evening,Premium,72,264.0857364,1.27,low_demand,high_supply,1.9,1.5789473684210527,272.00830849199997,268.89652011953365,268.89652011953365
88,18,Suburban,Silver,80,4.83,Evening,Economy,109,424.6569323,4.89,high_demand,low_supply,1.0864197530864197,1.6363636363636365,437.396640269,407.5366540398248,407.5366540398247
54,35,Rural,Gold,95,4.98,Evening,Premium,61,218.9504185,1.54,low_demand,low_supply,1.35,3.1818181818181817,232.28449898665002,250.74763533386692,250.74763533386687
49,30,Urban,Regular,7,3.97,Afternoon,Premium,77,248.1703336,1.63,low_demand,low_supply,1.225,2.727272727272727,255.615443608,303.9366979327934,303.9366979327933
25,8,Urban,Silver,11,4.0,Afternoon,Economy,109,422.4367392,3.12,low_demand,low_supply,0.625,0.7272727272727273,435.10984137599996,402.1865725773177,402.18657257731763
36,18,Suburban,Gold,15,4.21,Afternoon,Economy,86,280.5240757,2.0,low_demand,low_supply,0.9,1.6363636363636365,288.939797971,327.52098419342957,327.52098419342957
42,25,Suburban,Silver,44,4.99,Morning,Premium,122,565.9834811,1.68,low_demand,low_supply,1.05,2.272727272727273,600.45187509899,460.4053720338224,460.40537203382235
29,14,Rural,Gold,2,4.69,Night,Premium,180,828.2131346,2.07,low_demand,low_supply,0.725,1.2727272727272727,859.7603112354515,658.7100904491759,658.7100904491758
52,16,Urban,Silver,63,4.13,Morning,Economy,49,132.8468058,3.25,low_demand,low_supply,1.3,1.4545454545454546,136.832209974,191.08732878418272,191.08732878418272
37,6,Rural,Gold,59,4.73,Evening,Economy,20,86.17345484,6.17,low_demand,low_supply,0.925,0.5454545454545454,88.7586584852,82.15223880411577,82.15223880411583
91,17,Rural,Gold,21,4.84,Afternoon,Premium,149,545.3868063,5.35,high_demand,low_supply,1.123456790123457,1.5454545454545454,578.60086280367,548.1804779378335,548.1804779378335
29,8,Rural,Silver,79,4.26,Morning,Premium,133,531.0619846,3.62,low_demand,low_supply,0.725,0.7272727272727273,563.40365946214,486.4738215021046,486.4738215021046
62,45,Rural,Regular,87,4.74,Afternoon,Premium,20,108.6023565,1.38,low_demand,high_supply,1.55,1.1842105263157894,115.21624001085,83.3890912313772,83.38909123137722
69,7,Urban,Regular,51,4.56,Afternoon,Premium,103,462.6630441,9.86,low_demand,low_supply,1.725,0.6363636363636364,539.923145834259,370.75916766468043,370.75916766468043
32,14,Suburban,Silver,80,3.56,Afternoon,Premium,80,254.9510771,2.29,low_demand,low_supply,0.8,1.2727272727272727,249.46962894235,303.39036022055785,303.39036022055785
78,31,Urban,Gold,6,3.78,Evening,Premium,64,271.012665,2.52,low_demand,low_supply,1.95,2.8181818181818183,279.14304495000005,252.66935094779961,252.6693509477996
53,10,Rural,Silver,10,3.58,Evening,Economy,168,424.4884285,5.3,low_demand,low_supply,1.325,0.9090909090909091,424.4884285,607.4281831492685,607.4281831492685
60,50,Suburban,Silver,54,4.57,Afternoon,Premium,38,151.7772865,1.2,low_demand,high_supply,1.5,1.3157894736842106,161.02052324785,148.98708588586183,148.98708588586186
97,58,Urban,Gold,1,4.11,Morning,Premium,83,383.0749064,1.67,high_demand,high_supply,1.1975308641975309,1.5263157894736843,406.40416819976,313.269299984574,313.269299984574
87,77,Urban,Gold,12,3.56,Night,Premium,11,97.78450586,1.13,high_demand,high_supply,1.0740740740740742,2.026315789473684,103.739582266874,63.99777261728832,63.99777261728832
74,20,Rural,Silver,68,4.36,Night,Economy,32,119.5940733,3.7,low_demand,low_supply,1.85,1.8181818181818181,126.87735236397,129.86559947105945,129.86559947105945
90,58,Urban,Gold,1,4.7,Afternoon,Premium,21,126.5727707,1.55,high_demand,high_supply,1.1111111111111112,1.5263157894736843,134.28105243563002,94.08566282483758,94.08566282483758
21,8,Rural,Regular,69,4.24,Afternoon,Premium,176,829.5343799,2.62,low_demand,low_supply,0.525,0.7272727272727273,880.05302363591,640.667969329827,640.6679693298269
70,35,Urban,Silver,35,4.9,Night,Premium,108,418.8153495,2.0,low_demand,low_supply,1.75,3.1818181818181817,457.6508404130865,414.09812951447066,414.0981295144706
37,7,Suburban,Regular,1,3.92,Evening,Economy,62,233.2131028,5.29,low_demand,low_supply,0.925,0.6363636363636364,233.2131028,232.04431359904106,232.0443135990411
30,11,Rural,Gold,93,3.56,Night,Premium,155,701.1414725,2.73,low_demand,low_supply,0.75,1.0,743.84098817525,567.0619567499169,567.0619567499169
64,22,Urban,Regular,26,4.24,Evening,Premium,115,388.7296675,2.91,low_demand,low_supply,1.6,2.0,412.40330425075,428.1992102100468,428.1992102100467
40,23,Urban,Silver,6,3.96,Night,Economy,178,528.6080729,1.74,low_demand,low_supply,1.0,2.090909090909091,544.466315087,657.6076435084907,657.6076435084906
28,18,Urban,Gold,100,3.62,Afternoon,Premium,92,382.0384386,1.56,low_demand,low_supply,0.7,1.6363636363636365,373.8246121701,350.4795288336798,350.47952883367975
85,19,Rural,Gold,17,3.69,Morning,Economy,164,587.3312643,4.47,high_demand,low_supply,1.0493827160493827,1.7272727272727273,587.3312643,603.8491085961364,603.8491085961363
92,77,Urban,Gold,100,4.26,Night,Economy,47,167.7398193,1.19,high_demand,high_supply,1.1358024691358024,2.026315789473684,177.95517429537,191.16884555040744,191.16884555040747
93,56,Suburban,Regular,56,4.65,Evening,Premium,86,304.8360145,1.66,high_demand,high_supply,1.1481481481481481,1.4736842105263157,323.40052778305,323.7903728997403,323.7903728997403
36,25,Rural,Regular,26,3.57,Afternoon,Economy,122,354.154098,1.44,low_demand,low_supply,0.9,2.272727272727273,354.154098,461.66319363985804,461.663193639858
94,50,Suburban,Regular,88,4.95,Night,Premium,49,250.4603273,1.88,high_demand,high_supply,1.1604938271604939,1.3157894736842106,273.6847620695471,190.8499973532112,190.84999735321122
27,8,Rural,Gold,48,4.18,Afternoon,Economy,167,495.2197782,3.38,low_demand,low_supply,0.675,0.7272727272727273,510.076371546,607.4879739754872,607.4879739754872
86,41,Rural,Regular,96,4.5,Morning,Premium,68,301.5483736,2.1,high_demand,high_supply,1.0617283950617284,1.0789473684210527,319.91266955224,256.66757641967394,256.66757641967394
22,11,Rural,Regular,39,4.63,Evening,Economy,101,433.0345436,2.0,low_demand,low_supply,0.55,1.0,446.025579908,377.2060097348071,377.206009734807
95,56,Rural,Silver,86,3.79,Morning,Premium,147,671.4712089,1.7,high_demand,high_supply,1.1728395061728396,1.4736842105263157,691.615345167,539.9447239253177,539.9447239253177
99,89,Urban,Silver,63,4.84,Afternoon,Economy,16,49.71329086,1.11,high_demand,high_supply,1.2222222222222223,2.3421052631578947,51.204689585800004,83.69251653841091,83.69251653841093
22,8,Rural,Regular,4,4.84,Morning,Economy,122,408.12977,2.75,low_demand,low_supply,0.55,0.7272727272727273,420.37366310000004,448.92528990566353,448.9252899056635
100,85,Suburban,Silver,59,4.46,Evening,Economy,110,329.4837131,1.18,high_demand,high_supply,1.2345679012345678,2.236842105263158,339.368224493,415.93086375509733,415.9308637550973
61,38,Rural,Silver,100,4.34,Evening,Premium,78,383.3178042,1.61,low_demand,low_supply,1.525,3.4545454545454546,406.66185847578004,312.34340800436365,312.3434080043636
33,18,Suburban,Gold,7,4.01,Night,Economy,105,313.068157,1.83,low_demand,low_supply,0.825,1.6363636363636365,315.52730737323503,395.5411506873114,395.5411506873114
39,22,Rural,Gold,63,3.87,Evening,Premium,170,706.6896359,1.77,low_demand,low_supply,0.975,2.0,727.890324977,628.5200842526087,628.5200842526087
37,5,Urban,Silver,75,3.88,Evening,Premium,26,142.6153122,7.4,low_demand,low_supply,0.925,0.45454545454545453,146.893771566,102.51175733347858,102.51175733347861
95,53,Suburban,Silver,6,4.01,Afternoon,Premium,158,708.8224028,1.79,high_demand,high_supply,1.1728395061728396,1.394736842105263,751.98968713052,578.1600900886149,578.1600900886149
28,6,Suburban,Gold,54,4.03,Afternoon,Premium,168,593.065918,4.67,low_demand,low_supply,0.7,0.5454545454545454,629.1836324062001,608.9813839630576,608.9813839630576
66,17,Urban,Gold,84,4.47,Night,Economy,139,604.3834015,3.88,low_demand,low_supply,1.65,1.5454545454545454,641.1903506513501,508.2960798226463,508.2960798226462
60,11,Suburban,Gold,18,4.29,Evening,Economy,26,100.2582627,5.45,low_demand,low_supply,1.5,1.0,103.266010581,103.22169166071448,103.2216916607145
94,34,Suburban,Gold,99,4.54,Afternoon,Premium,155,685.7612505,2.76,high_demand,low_supply,1.1604938271604939,3.090909090909091,727.52411065545,584.8241746822556,584.8241746822556
63,12,Urban,Silver,54,4.47,Evening,Premium,140,446.4130123,5.25,low_demand,low_supply,1.575,1.0909090909090908,473.59956474907,507.86224563905415,507.8622456390541
38,8,Suburban,Silver,59,4.44,Night,Premium,75,291.1079368,4.75,low_demand,low_supply,0.95,0.7272727272727273,318.10150245565364,278.86641382620303,278.86641382620303
35,21,Suburban,Silver,13,4.14,Morning,Premium,36,193.6423939,1.67,low_demand,low_supply,0.875,1.9090909090909092,205.43521568851,153.1510033234883,153.1510033234883
83,64,Suburban,Gold,78,4.01,Evening,Economy,109,304.52613,1.3,high_demand,high_supply,1.0246913580246915,1.6842105263157894,313.66191390000006,408.5395027505392,408.5395027505392
62,14,Rural,Silver,33,4.23,Morning,Premium,85,386.8349333,4.43,low_demand,low_supply,1.55,1.2727272727272727,410.39318073797,314.8357931616597,314.8357931616597
88,48,Urban,Gold,52,4.52,Night,Economy,92,230.8325858,1.83,high_demand,high_supply,1.0864197530864197,1.263157894736842,244.89029027522,343.4544468626565,343.4544468626564
68,11,Rural,Silver,89,3.66,Evening,Economy,93,333.9106727,6.18,low_demand,low_supply,1.7,1.0,333.9106727,339.18744520115246,339.18744520115246
84,64,Urban,Regular,34,4.13,Evening,Premium,99,353.8098039,1.31,high_demand,high_supply,1.037037037037037,1.6842105263157894,375.35682095751,372.9668963959598,372.9668963959598
40,10,Urban,Regular,60,3.87,Night,Premium,79,293.1981343,4.0,low_demand,low_supply,1.0,0.9090909090909091,311.05390067887,294.4786340068949,294.4786340068949
93,20,Urban,Regular,38,4.78,Afternoon,Premium,144,447.0830688,4.65,high_demand,low_supply,1.1481481481481481,1.8181818181818181,474.31042768992,533.0046800510343,533.0046800510343
57,44,Urban,Gold,78,3.53,Evening,Economy,153,584.888885,1.3,low_demand,high_supply,1.425,1.1578947368421053,584.888885,555.9091910812823,555.9091910812822
67,16,Suburban,Gold,24,4.52,Evening,Premium,150,488.1872512,4.19,low_demand,low_supply,1.675,1.4545454545454546,517.91785479808,546.1805023889499,546.1805023889499
68,16,Urban,Silver,91,4.49,Night,Economy,77,246.7577555,4.25,low_demand,low_supply,1.7,1.4545454545454546,261.78530280995,287.04656727392245,287.0465672739224
38,22,Urban,Gold,60,3.6,Morning,Premium,104,312.1731588,1.73,low_demand,low_supply,0.95,2.0,321.53835356400003,394.63378036605184,394.63378036605184
49,28,Urban,Silver,61,3.9,Evening,Premium,172,576.2811193,1.75,low_demand,low_supply,1.225,2.5454545454545454,593.5695528790001,639.0491151147671,639.0491151147671
98,59,Urban,Regular,55,4.6,Morning,Economy,100,381.3912054,1.66,high_demand,high_supply,1.2098765432098766,1.5526315789473684,392.832941562,373.7300895327462,373.7300895327462
47,9,Suburban,Gold,38,4.06,Morning,Economy,141,543.7702542,5.22,low_demand,low_supply,1.175,0.8181818181818182,616.0916980086,511.99755287421897,511.9975528742189
27,11,Urban,Regular,97,4.78,Evening,Premium,137,472.5224038,2.45,low_demand,low_supply,0.675,1.0,501.29901819142003,503.8465200563268,503.84652005632677
59,29,Urban,Regular,68,4.4,Night,Premium,88,286.0589701,2.03,low_demand,low_supply,1.475,2.6363636363636362,312.5843602204627,339.93438809004346,339.9343880900434
56,20,Urban,Regular,74,4.05,Evening,Economy,25,88.95619552,2.8,low_demand,low_supply,1.4,1.8181818181818181,91.62488138559999,108.81070692937433,108.81070692937436
50,39,Urban,Gold,62,3.95,Morning,Premium,135,646.9811779,1.28,low_demand,high_supply,1.25,1.0263157894736843,666.390613237,492.1979288358511,492.1979288358511
93,37,Urban,Gold,37,4.75,Night,Economy,76,292.9246564,2.51,high_demand,low_supply,1.1481481481481481,3.3636363636363638,310.76376797476,307.48774365657044,307.4877436565704
46,22,Rural,Regular,97,3.51,Morning,Economy,100,395.7698468,2.09,low_demand,low_supply,1.15,2.0,395.7698468,378.76905211431364,378.76905211431364
56,19,Suburban,Silver,16,4.46,Evening,Premium,86,279.6798101,2.95,low_demand,low_supply,1.4,1.7272727272727273,296.71231053509,324.2501761428173,324.2501761428173
37,16,Suburban,Gold,8,4.5,Evening,Economy,46,192.5029774,2.31,low_demand,low_supply,0.925,1.4545454545454546,198.278066722,183.5911582165038,183.5911582165038
85,58,Urban,Regular,85,4.1,Night,Premium,92,351.7702933,1.47,high_demand,high_supply,1.0493827160493827,1.5263157894736843,384.38889728682915,346.4337666771107,346.4337666771107
27,7,Urban,Regular,89,3.6,Morning,Premium,120,555.4019371,3.86,low_demand,low_supply,0.675,0.6363636363636364,572.0639952130001,439.86135820928195,439.86135820928195
44,16,Rural,Silver,31,3.96,Night,Premium,122,395.378157,2.75,low_demand,low_supply,1.1,1.4545454545454546,419.45668676130003,451.6887224395851,451.68872243958504
75,51,Suburban,Regular,68,3.65,Afternoon,Premium,66,261.5103068,1.47,low_demand,high_supply,1.875,1.3421052631578947,269.355616004,245.42283596778043,245.42283596778043
21,11,Urban,Gold,46,3.84,Morning,Economy,103,397.5648404,1.91,low_demand,low_supply,0.525,1.0,397.5648404,384.50946305765837,384.5094630576583
42,29,Suburban,Silver,67,4.59,Morning,Premium,153,735.2764383,1.45,low_demand,low_supply,1.05,2.6363636363636362,780.0547733924701,574.0472486004512,574.0472486004512
25,15,Suburban,Silver,100,4.9,Night,Premium,94,289.4570095,1.67,low_demand,low_supply,0.625,1.3636363636363635,300.48261513891117,355.43646411669,355.43646411669
67,46,Suburban,Regular,92,4.72,Morning,Economy,32,97.67500136,1.46,low_demand,high_supply,1.675,1.2105263157894737,100.6052514008,125.17067954859246,125.17067954859249
29,6,Suburban,Silver,24,4.37,Afternoon,Economy,50,197.4639216,4.83,low_demand,low_supply,0.725,0.5454545454545454,203.387839248,190.23658010651002,190.23658010651008
100,70,Urban,Gold,42,4.9,Night,Premium,167,762.8822843,1.43,high_demand,high_supply,1.2345679012345678,1.8421052631578947,833.6220698762862,614.1015109600953,614.1015109600952
37,10,Suburban,Gold,27,4.26,Afternoon,Economy,143,512.4493927,3.7,low_demand,low_supply,0.925,0.9090909090909091,527.822874481,522.1096692422968,522.1096692422968
31,14,Urban,Gold,37,4.3,Night,Premium,103,484.4661864,2.21,low_demand,low_supply,0.775,1.2727272727272727,502.91981834299725,385.1788856227852,385.1788856227852
49,12,Suburban,Silver,30,4.37,Afternoon,Premium,84,353.0184088,4.08,low_demand,low_supply,1.225,1.0909090909090908,374.51722989591997,312.17030384146784,312.17030384146784
42,19,Rural,Regular,56,4.84,Evening,Premium,144,539.7316715,2.21,low_demand,low_supply,1.05,1.7272727272727273,572.60133029435,532.9057684904153,532.9057684904152
61,5,Rural,Regular,48,4.15,Morning,Economy,29,114.1636548,12.2,low_demand,low_supply,1.525,0.45454545454545453,129.34742088840002,108.12119549210405,108.1211954921041
24,7,Suburban,Gold,85,4.36,Night,Economy,169,521.408046,3.43,low_demand,low_supply,0.6,0.6363636363636364,553.1617960014,614.288770530844,614.2887705308439
20,10,Rural,Regular,18,4.28,Evening,Premium,123,450.3878805,2.0,low_demand,low_supply,0.5,0.9090909090909091,477.81650242245,454.73533324094444,454.73533324094444
22,9,Urban,Silver,36,4.51,Evening,Premium,10,82.69156896,2.44,low_demand,low_supply,0.55,0.8181818181818182,87.72748550966399,52.59350278516443,52.5935027851645
98,87,Suburban,Regular,59,4.26,Afternoon,Economy,13,34.57409278,1.13,high_demand,high_supply,1.2098765432098766,2.289473684210526,35.611315563400005,72.62156705198308,72.62156705198305
30,14,Urban,Silver,64,4.45,Afternoon,Economy,147,535.1718879,2.14,low_demand,low_supply,0.75,1.2727272727272727,523.66569231015,541.4524831043885,541.4524831043885
32,13,Urban,Regular,75,4.56,Evening,Premium,111,333.4011668,2.46,low_demand,low_supply,0.8,1.1818181818181819,336.020032965214,412.42258360632076,412.4225836063207
22,12,Urban,Silver,49,4.88,Night,Premium,35,179.8388199,1.83,low_demand,low_supply,0.55,1.0909090909090908,196.51473415286733,144.0319995500841,144.03199955008412
62,8,Urban,Silver,13,4.2,Night,Premium,65,241.9912178,7.75,low_demand,low_supply,1.55,0.7272727272727273,290.8733711982347,238.36604545950044,238.36604545950047
51,27,Urban,Gold,8,4.31,Night,Economy,92,369.3803924,1.89,low_demand,low_supply,1.275,2.4545454545454546,391.87565829716004,353.9552550694353,353.9552550694352
85,74,Suburban,Regular,82,3.92,Evening,Premium,177,704.3001292,1.15,high_demand,high_supply,1.0493827160493827,1.9473684210526316,725.4291330760001,652.1909577143047,652.1909577143047
28,9,Urban,Silver,26,3.95,Night,Premium,114,466.9720738,3.11,low_demand,low_supply,0.7,0.8181818181818182,495.41067309442,420.2141333817531,420.2141333817531
93,70,Suburban,Silver,21,3.81,Evening,Economy,12,41.12164472,1.33,high_demand,high_supply,1.1481481481481481,1.8421052631578947,41.12164472,65.05541173455069,65.05541173455072
36,9,Suburban,Silver,53,4.46,Night,Premium,127,404.0297998,4.0,low_demand,low_supply,0.9,0.8181818181818182,441.4942710460546,464.64684443236695,464.6468444323669
80,22,Rural,Gold,17,4.4,Morning,Economy,141,423.754418,3.64,low_demand,low_supply,2.0,2.0,436.46705054,517.0646323112745,517.0646323112744
60,24,Rural,Regular,18,4.16,Morning,Premium,45,165.7246625,2.5,low_demand,low_supply,1.5,2.1818181818181817,175.81729444625,182.59804562183007,182.59804562183007
97,45,Urban,Silver,90,3.71,Morning,Premium,151,578.8213878,2.16,high_demand,high_supply,1.1975308641975309,1.1842105263157894,596.186029434,550.9896866420672,550.9896866420672
53,14,Suburban,Silver,24,3.99,Afternoon,Premium,161,707.4493979,3.79,low_demand,low_supply,1.325,1.2727272727272727,728.672879837,586.2875483341694,586.2875483341693
79,22,Rural,Silver,53,3.96,Evening,Premium,126,542.809573,3.59,low_demand,low_supply,1.975,2.0,559.09386019,464.07064633177373,464.0706463317737
44,24,Urban,Silver,55,4.08,Afternoon,Premium,137,513.9900767,1.83,low_demand,low_supply,1.1,2.1818181818181817,545.29207237103,512.2677904428107,512.2677904428106
34,12,Suburban,Regular,3,4.83,Night,Premium,62,298.35562,2.83,low_demand,low_supply,0.85,1.0909090909090908,326.02124157574,237.28287758292487,237.2828775829249
55,12,Urban,Silver,96,4.66,Morning,Premium,48,183.2701657,4.58,low_demand,low_supply,1.375,1.0909090909090908,194.43131879113002,183.2237872422161,183.22378724221613
49,29,Suburban,Regular,35,4.8,Evening,Premium,160,468.3069202,1.69,low_demand,low_supply,1.225,2.6363636363636362,496.82681164018004,597.4081474198683,597.4081474198683
72,54,Rural,Regular,68,3.85,Afternoon,Economy,74,220.4983368,1.33,low_demand,high_supply,1.8,1.4210526315789473,220.4983368,275.2276362983651,275.2276362983651
72,27,Urban,Gold,76,3.97,Morning,Premium,70,265.9466151,2.67,low_demand,low_supply,1.8,2.4545454545454546,273.925013553,271.52089917467845,271.52089917467845
99,6,Suburban,Gold,49,4.32,Afternoon,Economy,113,311.4894374,16.5,high_demand,low_supply,1.2222222222222223,0.5454545454545454,352.91753257420004,409.5223506505571,409.5223506505571
21,10,Rural,Regular,22,4.42,Morning,Economy,151,647.8477765,2.1,low_demand,low_supply,0.525,0.9090909090909091,667.2832097950001,553.8391257457732,553.8391257457732
50,25,Urban,Silver,89,4.74,Afternoon,Economy,107,383.914142,2.0,low_demand,low_supply,1.25,2.272727272727273,395.43156626,405.5246536452682,405.52465364526813
61,35,Rural,Silver,4,4.77,Morning,Premium,115,557.9161858,1.74,low_demand,low_supply,1.525,3.1818181818181817,591.8932815152201,440.81321928331613,440.8132192833161
24,5,Rural,Silver,57,4.96,Night,Premium,70,228.7960084,4.8,low_demand,low_supply,0.6,0.45454545454545453,250.01157587090682,261.30099802715324,261.30099802715324
31,17,Rural,Silver,71,4.46,Evening,Premium,55,237.7686221,1.82,low_demand,low_supply,0.775,1.5454545454545454,239.6362946265955,217.69308420701665,217.69308420701668
35,20,Suburban,Regular,62,3.55,Afternoon,Economy,117,297.0874039,1.75,low_demand,low_supply,0.875,1.8181818181818181,297.0874039,439.5286364220513,439.52863642205125
74,30,Urban,Regular,97,3.9,Evening,Economy,179,794.3231511,2.47,low_demand,low_supply,1.85,2.727272727272727,794.3231511,660.4804103884238,660.4804103884237
94,61,Urban,Regular,12,4.95,Evening,Premium,133,563.8497972,1.54,high_demand,high_supply,1.1604938271604939,1.605263157894737,598.1882498494801,491.72590690695114,491.7259069069511
44,11,Rural,Silver,31,3.92,Afternoon,Premium,110,339.2870735,4.0,low_demand,low_supply,1.1,1.0,349.46568570500006,404.51617092764707,404.51617092764707
84,37,Urban,Gold,3,3.83,Evening,Premium,69,248.9476554,2.27,high_demand,low_supply,1.037037037037037,3.3636363636363638,256.41608506200004,283.59110600495296,283.59110600495296
27,12,Suburban,Regular,39,4.51,Morning,Premium,55,279.2686999,2.25,low_demand,low_supply,0.675,1.0909090909090908,296.27616372391003,213.92197876350775,213.9219787635078
59,36,Suburban,Regular,43,3.74,Evening,Premium,25,145.0422383,1.64,low_demand,low_supply,1.475,3.272727272727273,149.393505449,122.93268630512767,122.93268630512767
82,20,Urban,Regular,59,3.99,Night,Premium,45,241.8259565,4.1,high_demand,low_supply,1.0123456790123457,1.8181818181818181,256.55315725085,182.99953735190337,182.99953735190337
24,10,Urban,Gold,24,4.09,Morning,Premium,97,430.6098548,2.4,low_demand,low_supply,0.6,0.9090909090909091,456.83399495732004,361.6771724529313,361.6771724529313
84,67,Suburban,Regular,48,4.87,Night,Economy,81,219.9937068,1.25,high_demand,high_supply,1.037037037037037,1.763157894736842,233.39132354412004,309.92317287287057,309.92317287287057
52,9,Suburban,Regular,24,4.19,Morning,Economy,102,366.7282586,5.78,low_demand,low_supply,1.3,0.8181818181818182,415.50311699380006,372.6199486265385,372.6199486265385
38,12,Rural,Silver,44,4.85,Evening,Economy,110,356.8814026,3.17,low_demand,low_supply,0.95,1.0909090909090908,367.587844678,406.69592316985586,406.69592316985586
26,12,Urban,Regular,80,4.27,Afternoon,Economy,134,441.4714773,2.17,low_demand,low_supply,0.65,1.0909090909090908,454.715621619,494.33736304407125,494.3373630440712
61,39,Suburban,Regular,82,4.49,Morning,Premium,46,230.1431448,1.56,low_demand,high_supply,1.525,1.0263157894736843,244.15886231832,174.2170932693349,174.2170932693349
87,41,Rural,Gold,97,4.27,Afternoon,Premium,37,158.89198,2.12,high_demand,high_supply,1.0740740740740742,1.0789473684210527,168.568501582,146.60989798571845,146.60989798571848
98,46,Suburban,Gold,55,4.71,Evening,Economy,173,766.9193242,2.13,high_demand,high_supply,1.2098765432098766,1.2105263157894737,789.926903926,629.1850171615195,629.1850171615195
24,13,Urban,Silver,54,4.09,Morning,Economy,161,466.7229822,1.85,low_demand,low_supply,0.6,1.1818181818181819,456.6884380827,591.4450887938351,591.445088793835
44,8,Urban,Gold,43,3.82,Night,Economy,86,233.5066238,5.5,low_demand,low_supply,1.1,0.7272727272727273,240.51182251400002,316.6245823569834,316.6245823569834
71,59,Urban,Regular,71,4.47,Evening,Economy,31,104.1037338,1.2,low_demand,high_supply,1.775,1.5526315789473684,107.226845814,124.25459416889429,124.25459416889433
91,59,Urban,Silver,68,4.77,Night,Economy,15,38.33576819,1.54,high_demand,high_supply,1.123456790123457,1.5526315789473684,40.67041647277101,72.96756390512178,72.96756390512184
32,14,Urban,Gold,75,4.49,Night,Economy,177,761.0167601,2.29,low_demand,low_supply,0.8,1.2727272727272727,766.9945467505855,647.44045506339,647.4404550633901
79,24,Urban,Silver,0,4.26,Evening,Economy,82,284.8625063,3.29,low_demand,low_supply,1.975,2.1818181818181817,293.408381489,309.850547056856,309.850547056856
73,27,Urban,Regular,55,4.27,Morning,Premium,50,216.0601959,2.7,low_demand,low_supply,1.825,2.4545454545454546,229.21826183031,200.37309835521913,200.37309835521916
32,16,Rural,Silver,80,4.78,Morning,Economy,11,39.3737012,2.0,low_demand,low_supply,0.8,1.4545454545454546,38.5271666242,60.49755608924008,60.497556089240106
22,10,Rural,Silver,5,4.44,Morning,Premium,129,471.7821019,2.2,low_demand,low_supply,0.55,0.9090909090909091,500.51363190571,475.5975085378019,475.5975085378019
35,19,Urban,Silver,45,4.99,Afternoon,Economy,159,508.6730025,1.84,low_demand,low_supply,0.875,1.7272727272727273,523.933192575,587.5768499446302,587.5768499446301
24,10,Suburban,Regular,79,4.3,Night,Economy,24,95.11851082,2.4,low_demand,low_supply,0.6,0.9090909090909091,100.911228128938,102.75287427224313,102.75287427224316
67,31,Rural,Gold,64,3.62,Night,Economy,169,735.1444901,2.16,low_demand,low_supply,1.675,2.8181818181818183,757.198824803,627.4007176224119,627.4007176224118
100,73,Urban,Silver,95,3.98,Night,Premium,100,456.603073,1.37,high_demand,high_supply,1.2345679012345678,1.9210526315789473,484.4102001457,377.25928591846196,377.25928591846196
66,16,Urban,Silver,94,4.52,Morning,Economy,34,122.2418752,4.12,low_demand,low_supply,1.65,1.4545454545454546,125.909131456,134.94878878959287,134.9487887895929
96,36,Urban,Regular,57,4.06,Evening,Premium,139,599.8171406,2.67,high_demand,low_supply,1.1851851851851851,3.272727272727273,636.3460044625401,529.7104560224673,529.7104560224672
60,8,Urban,Regular,68,4.84,Morning,Premium,144,438.5186068,7.5,low_demand,low_supply,1.5,0.7272727272727273,511.7468289495321,518.9910666744031,518.9910666744031
92,31,Rural,Silver,54,3.91,Night,Premium,148,516.1330392,2.97,high_demand,low_supply,1.1358024691358024,2.8181818181818183,547.56554128728,557.4370742379829,557.4370742379828
92,49,Urban,Silver,9,4.23,Evening,Premium,89,397.4831041,1.88,high_demand,high_supply,1.1358024691358024,1.2894736842105263,421.68982513969,332.66649928965046,332.66649928965046
56,37,Urban,Silver,27,4.12,Afternoon,Premium,68,317.8400261,1.51,low_demand,low_supply,1.4,3.3636363636363638,337.19648368949,277.0005800973268,277.00058009732675
88,71,Rural,Regular,42,4.87,Afternoon,Premium,109,330.7836403,1.24,high_demand,high_supply,1.0864197530864197,1.868421052631579,350.92836399427006,409.8900032953195,409.8900032953195
87,47,Rural,Silver,6,4.54,Morning,Premium,162,743.3166378,1.85,high_demand,high_supply,1.0740740740740742,1.236842105263158,788.58462104202,591.5746702147563,591.5746702147563
85,6,Suburban,Gold,92,4.11,Afternoon,Economy,73,274.1712773,14.17,high_demand,low_supply,1.0493827160493827,0.5454545454545454,282.396415619,269.09536464858854,269.09536464858854
98,54,Rural,Regular,34,4.57,Evening,Premium,113,462.4075929,1.81,high_demand,high_supply,1.2098765432098766,1.4210526315789473,490.56821530761,418.50552276887623,418.5055227688762
28,14,Rural,Regular,24,4.2,Afternoon,Economy,147,533.0802632,2.0,low_demand,low_supply,0.7,1.2727272727272727,521.6190375412,541.8717569730671,541.871756973067
36,9,Suburban,Silver,22,3.51,Night,Premium,37,143.2178422,4.0,low_demand,low_supply,0.9,0.8181818181818182,151.93980878998002,145.42510694932668,145.4251069493267
20,8,Suburban,Silver,38,4.82,Night,Premium,155,574.9456425,2.5,low_demand,low_supply,0.5,0.7272727272727273,628.2586270920974,566.3925341847902,566.3925341847901
94,36,Rural,Regular,41,4.57,Morning,Economy,76,215.7417616,2.61,high_demand,low_supply,1.1604938271604939,3.272727272727273,222.214014448,306.46228860837783,306.46228860837783
94,82,Suburban,Gold,48,4.92,Morning,Premium,20,129.7685299,1.15,high_demand,high_supply,1.1604938271604939,2.1578947368421053,137.67143337091002,96.52964877065463,96.52964877065466
70,7,Urban,Regular,13,4.09,Afternoon,Economy,117,321.0007658,10.0,low_demand,low_supply,1.75,0.6363636363636364,363.6938676514,420.20624544992523,420.2062454499252
90,71,Suburban,Regular,37,3.51,Morning,Premium,32,172.592775,1.27,high_demand,high_supply,1.1111111111111112,1.868421052631579,177.77055825,136.57102351356855,136.57102351356855
42,10,Urban,Silver,56,4.01,Night,Premium,95,455.2097852,4.2,low_demand,low_supply,1.05,0.9090909090909091,497.42002295224046,350.80989124631236,350.80989124631236
44,18,Suburban,Gold,88,3.67,Night,Premium,50,199.8397441,2.44,low_demand,low_supply,1.1,1.6363636363636365,212.00998451568998,198.1551937254993,198.15519372549932
60,16,Suburban,Regular,28,3.91,Evening,Economy,105,281.0970651,3.75,low_demand,low_supply,1.5,1.4545454545454546,281.0970651,388.03709218780466,388.03709218780466
26,5,Rural,Silver,7,4.75,Afternoon,Premium,140,413.5480019,5.2,low_demand,low_supply,0.65,0.45454545454545453,438.73307521570996,509.16529775639486,509.1652977563948
79,13,Rural,Regular,6,4.63,Afternoon,Economy,38,134.0943259,6.08,low_demand,low_supply,1.975,1.1818181818181819,138.117155677,143.6453495116867,143.64534951168676
26,8,Rural,Gold,65,3.58,Night,Premium,89,378.5039616,3.25,low_demand,low_supply,0.65,0.7272727272727273,401.55485286144005,331.03877175785834,331.03877175785834
62,7,Urban,Silver,2,4.71,Morning,Premium,28,162.0535855,8.86,low_demand,low_supply,1.55,0.6363636363636364,189.11491374264506,106.20851163585516,106.20851163585525
42,16,Rural,Gold,33,3.63,Morning,Economy,166,513.1161278,2.62,low_demand,low_supply,1.05,1.4545454545454546,513.1161278,608.1719568555278,608.1719568555277
57,16,Urban,Regular,0,3.95,Afternoon,Economy,97,308.6385555,3.56,low_demand,low_supply,1.425,1.4545454545454546,308.6385555,360.29073743677446,360.29073743677446
33,13,Rural,Gold,34,4.78,Morning,Economy,66,239.0885465,2.54,low_demand,low_supply,0.825,1.1818181818181819,233.94814275025,252.60207793046138,252.60207793046135
22,10,Rural,Regular,26,4.97,Morning,Economy,170,562.1650161,2.2,low_demand,low_supply,0.55,0.9090909090909091,579.029966583,621.020744502298,621.0207445022979
67,44,Urban,Regular,27,4.69,Morning,Economy,129,467.0198949,1.52,low_demand,high_supply,1.675,1.1578947368421053,481.030491747,468.6870250757455,468.68702507574545
62,15,Suburban,Silver,15,4.28,Night,Economy,73,327.4333417,4.13,low_demand,low_supply,1.55,1.3636363636363635,347.37403220953,273.19482546676085,273.19482546676085
95,49,Rural,Regular,92,4.27,Night,Premium,99,332.0936161,1.94,high_demand,high_supply,1.1728395061728396,1.2894736842105263,362.88766084010473,367.8250079961523,367.8250079961523
61,36,Urban,Silver,72,4.64,Night,Premium,109,457.0853189,1.69,low_demand,low_supply,1.525,3.272727272727273,499.4694692656404,420.45370075395334,420.4537007539533
48,12,Rural,Silver,25,4.26,Night,Economy,180,552.8162271,4.0,low_demand,low_supply,1.2,1.0909090909090908,586.48273533039,652.8831274243834,652.8831274243832
93,59,Rural,Regular,30,4.11,Afternoon,Premium,89,281.0521289,1.58,high_demand,high_supply,1.1481481481481481,1.5526315789473684,298.16820355001005,335.2317214560272,335.2317214560272
59,18,Urban,Gold,67,3.86,Morning,Economy,98,288.345153,3.28,low_demand,low_supply,1.475,1.6363636363636365,288.345153,365.26223303469834,365.2622330346983
95,73,Urban,Regular,20,3.59,Evening,Premium,138,666.824206,1.3,high_demand,high_supply,1.1728395061728396,1.9210526315789473,686.82893218,512.559419360287,512.5594193602869
71,33,Suburban,Regular,4,4.88,Evening,Premium,109,436.0192373,2.15,low_demand,low_supply,1.775,3.0,462.57280885157,415.59153950204103,415.591539502041
20,7,Suburban,Gold,71,3.83,Morning,Premium,51,248.2203068,2.86,low_demand,low_supply,0.5,0.6363636363636364,255.666916004,196.5921513459927,196.59215134599273
23,7,Urban,Gold,96,3.97,Afternoon,Premium,165,493.233884,3.29,low_demand,low_supply,0.575,0.6363636363636364,508.03090052,600.3107746881591,600.3107746881591
80,69,Suburban,Silver,94,4.44,Night,Economy,74,291.5110821,1.16,low_demand,high_supply,2.0,1.8157894736842106,309.26410699989003,277.55366069124506,277.55366069124506
58,10,Urban,Gold,51,4.27,Night,Premium,138,459.0606515,5.8,low_demand,low_supply,1.45,0.9090909090909091,501.6279685316406,499.97275264989213,499.9727526498921
71,25,Urban,Gold,72,4.46,Evening,Economy,169,603.9358824,2.84,low_demand,low_supply,1.775,2.272727272727273,622.053958872,621.0305860680156,621.0305860680155
69,26,Rural,Gold,48,4.28,Evening,Premium,175,502.6040622,2.65,low_demand,low_supply,1.725,2.3636363636363638,533.21264958798,643.6532397384034,643.6532397384033
89,54,Suburban,Gold,48,4.38,Afternoon,Economy,24,74.78832689,1.65,high_demand,high_supply,1.0987654320987654,1.4210526315789473,77.0319766967,103.76241318826655,103.76241318826658
84,62,Urban,Silver,52,4.61,Afternoon,Economy,29,126.2308115,1.35,high_demand,high_supply,1.037037037037037,1.631578947368421,130.017735845,124.14957348236041,124.14957348236044
98,61,Urban,Silver,91,4.28,Night,Economy,95,319.9423796,1.61,high_demand,high_supply,1.2098765432098766,1.605263157894737,339.42687051764,356.52929787714544,356.52929787714544
95,25,Urban,Gold,26,3.62,Morning,Economy,81,207.6129192,3.8,high_demand,low_supply,1.1728395061728396,2.272727272727273,207.6129192,313.9520681697333,313.9520681697333
79,29,Rural,Silver,29,4.22,Night,Economy,99,304.7441779,2.72,low_demand,low_supply,1.975,2.6363636363636362,323.30309833411,374.757639540074,374.75763954007397
82,10,Urban,Silver,97,4.43,Night,Economy,177,481.7658793,8.2,high_demand,low_supply,1.0123456790123457,0.9090909090909091,511.10542134937003,641.9721126319637,641.9721126319637
87,5,Rural,Gold,6,3.76,Evening,Economy,28,83.33537482,17.4,high_demand,low_supply,1.0740740740740742,0.45454545454545453,83.33537482,108.35551644685641,108.35551644685648
83,35,Rural,Gold,3,4.32,Night,Premium,116,513.6451022,2.37,high_demand,low_supply,1.0246913580246915,3.1818181818181817,561.2738715916995,448.55545427465813,448.555454274658
47,9,Rural,Regular,5,4.81,Night,Premium,178,561.3748775,5.22,low_demand,low_supply,1.175,0.8181818181818182,674.7724343425369,643.233156061691,643.233156061691
34,7,Urban,Silver,54,4.71,Night,Premium,149,516.5111729,4.86,low_demand,low_supply,0.85,0.6363636363636364,564.4057044294983,541.2542373023311,541.2542373023311
26,13,Rural,Regular,14,4.19,Morning,Economy,174,666.4286806,2.0,low_demand,low_supply,0.65,1.1818181818181819,652.1004639671,637.1356214504846,637.1356214504845
88,7,Rural,Gold,11,3.64,Night,Premium,130,573.2085394,12.57,high_demand,low_supply,1.0864197530864197,0.6363636363636364,608.11693944946,471.8804891212956,471.8804891212957
57,26,Rural,Regular,92,3.8,Evening,Premium,67,283.7979252,2.19,low_demand,low_supply,1.425,2.3636363636363638,292.311862956,263.1027979708264,263.1027979708264
45,17,Rural,Silver,67,4.7,Afternoon,Economy,15,66.78323719,2.65,low_demand,low_supply,1.125,1.5454545454545454,68.7867343057,72.88183935602673,72.88183935602677
82,26,Urban,Gold,35,4.71,Morning,Economy,114,289.2390325,3.15,high_demand,low_supply,1.0123456790123457,2.3636363636363638,297.91620347500003,433.2677865726067,433.26778657260667
54,39,Rural,Gold,88,4.59,Evening,Economy,42,147.4263866,1.38,low_demand,high_supply,1.35,1.0263157894736843,151.849178198,161.49691903268578,161.49691903268584
95,24,Suburban,Gold,79,3.5,Afternoon,Economy,130,552.2304431,3.96,high_demand,low_supply,1.1728395061728396,2.1818181818181817,552.2304431,486.8286390521042,486.8286390521042
63,31,Suburban,Silver,2,3.81,Evening,Premium,160,632.5601419,2.03,low_demand,low_supply,1.575,2.8181818181818183,651.536946157,596.3170916114649,596.3170916114648
43,18,Urban,Gold,58,4.22,Evening,Economy,156,494.7452575,2.39,low_demand,low_supply,1.075,1.6363636363636365,509.587615225,574.3370992509749,574.3370992509748
33,14,Suburban,Regular,87,4.81,Evening,Premium,17,118.9865334,2.36,low_demand,low_supply,0.825,1.2727272727272727,119.921172619857,79.72550704809044,79.72550704809044
33,23,Urban,Gold,24,4.21,Morning,Premium,11,91.38952597,1.43,low_demand,low_supply,0.825,2.090909090909091,92.10739069649433,66.74143360811318,66.7414336081132
84,29,Urban,Regular,92,4.55,Morning,Premium,94,424.1559867,2.9,high_demand,low_supply,1.037037037037037,2.6363636363636362,449.98708629003005,364.88836577196747,364.8883657719674
44,6,Suburban,Gold,80,4.13,Night,Premium,40,157.3648303,7.33,low_demand,low_supply,1.1,0.5454545454545454,171.95679891922808,151.6229441488609,151.62294414886094
53,27,Suburban,Regular,78,3.63,Night,Premium,58,279.0950483,1.96,low_demand,low_supply,1.325,2.4545454545454546,296.09193674146996,232.94110259605264,232.9411025960526
78,63,Rural,Gold,14,4.21,Afternoon,Economy,147,655.0651055,1.24,low_demand,high_supply,1.95,1.6578947368421053,674.717058665,535.2959847935741,535.295984793574
